Laser settings:
	Diode frequency:	5 Hz
	Pulses fired:		105
	Q-Switch blanking:	5
	Q-Switch delay:		201 μs
	Q-Switch presync:	1 μs
Spectrometer settings:
	Integration time:	0.0090 ms
	Integration delay:	0.000 ns
	Averaging:		1
	Trigger mode:		External
	Dynamic Dark Correction:		Disabled


wavelength,intensity
184.9409,671.0
185.0142,594.0
185.0875,690.0
185.1608,633.0
185.2341,685.0
185.3074,611.0
185.3807,733.0
185.454,643.0
185.5273,690.0
185.6006,608.0
185.6739,661.0
185.7472,610.0
185.8205,705.0
185.8938,613.0
185.9671,752.0
186.0403,624.0
186.1136,651.0
186.1869,566.0
186.2601,676.0
186.3334,586.0
186.4067,686.0
186.4799,601.0
186.5532,697.0
186.6265,654.0
186.6997,711.0
186.773,637.0
186.8462,644.0
186.9195,618.0
186.9928,667.0
187.066,613.0
187.1392,706.0
187.2125,658.0
187.2857,749.0
187.3589,703.0
187.4322,718.0
187.5054,723.0
187.5786,765.0
187.6519,730.0
187.7251,813.0
187.7983,717.0
187.8715,779.0
187.9447,694.0
188.018,795.0
188.0912,710.0
188.1644,780.0
188.2376,647.0
188.3108,757.0
188.384,699.0
188.4572,725.0
188.5304,726.0
188.6036,777.0
188.6768,702.0
188.75,795.0
188.8232,746.0
188.8963,731.0
188.9695,694.0
189.0427,799.0
189.1159,737.0
189.1891,837.0
189.2623,755.0
189.3354,773.0
189.4086,775.0
189.4818,766.0
189.5549,760.0
189.6281,813.0
189.7012,706.0
189.7744,809.0
189.8476,747.0
189.9207,840.0
189.9939,748.0
190.067,805.0
190.1402,812.0
190.2133,805.0
190.2864,732.0
190.3596,810.0
190.4327,788.0
190.5059,798.0
190.579,758.0
190.6521,830.0
190.7253,725.0
190.7984,816.0
190.8715,807.0
190.9446,867.0
191.0177,797.0
191.0908,862.0
191.164,798.0
191.2371,905.0
191.3102,827.0
191.3833,850.0
191.4564,817.0
191.5295,929.0
191.6026,782.0
191.6757,921.0
191.7488,867.0
191.8219,906.0
191.895,838.0
191.968,905.0
192.0411,870.0
192.1142,921.0
192.1873,839.0
192.2604,937.0
192.3334,820.0
192.4065,917.0
192.4796,870.0
192.5527,977.0
192.6257,914.0
192.6988,986.0
192.7718,990.0
192.8449,1095.0
192.918,1190.0
192.991,1335.0
193.064,1463.0
193.1371,1529.0
193.2101,1351.0
193.2832,1459.0
193.3562,1517.0
193.4292,1643.0
193.5023,1740.0
193.5753,1861.0
193.6484,1691.0
193.7214,1600.0
193.7944,1449.0
193.8674,1340.0
193.9405,1134.0
194.0135,1249.0
194.0865,1108.0
194.1595,1154.0
194.2325,1064.0
194.3055,1131.0
194.3785,1040.0
194.4515,1102.0
194.5246,1015.0
194.5975,1118.0
194.6705,931.0
194.7435,992.0
194.8165,919.0
194.8895,975.0
194.9625,927.0
195.0355,995.0
195.1085,936.0
195.1815,987.0
195.2544,947.0
195.3274,987.0
195.4004,931.0
195.4734,996.0
195.5463,833.0
195.6193,947.0
195.6923,943.0
195.7652,983.0
195.8382,902.0
195.9111,964.0
195.9841,897.0
196.057,1005.0
196.13,931.0
196.2029,1005.0
196.2759,914.0
196.3488,972.0
196.4218,910.0
196.4947,951.0
196.5676,936.0
196.6406,1007.0
196.7135,892.0
196.7864,1031.0
196.8593,879.0
196.9323,964.0
197.0052,931.0
197.0781,992.0
197.151,877.0
197.2239,955.0
197.2969,912.0
197.3697,1041.0
197.4427,878.0
197.5156,964.0
197.5885,953.0
197.6614,968.0
197.7343,860.0
197.8072,1079.0
197.88,932.0
197.9529,944.0
198.0258,956.0
198.0987,1078.0
198.1716,975.0
198.2445,1058.0
198.3173,1068.0
198.3902,1132.0
198.4631,1079.0
198.5359,1251.0
198.6088,1195.0
198.6817,1512.0
198.7545,1662.0
198.8274,1947.0
198.9003,2327.0
198.9731,2687.0
199.046,2838.0
199.1188,2463.0
199.1917,1803.0
199.2645,1593.0
199.3373,1331.0
199.4102,1297.0
199.483,1115.0
199.5559,1143.0
199.6287,1104.0
199.7015,1145.0
199.7744,992.0
199.8472,1065.0
199.92,973.0
199.9928,1056.0
200.0656,934.0
200.1385,1064.0
200.2113,916.0
200.2841,988.0
200.3569,898.0
200.4297,959.0
200.5025,920.0
200.5753,986.0
200.6481,962.0
200.7209,967.0
200.7937,935.0
200.8665,944.0
200.9393,855.0
201.0121,1009.0
201.0848,929.0
201.1576,1027.0
201.2304,854.0
201.3032,985.0
201.3759,916.0
201.4487,950.0
201.5215,963.0
201.5943,971.0
201.667,948.0
201.7398,994.0
201.8125,875.0
201.8853,1009.0
201.958,893.0
202.0308,968.0
202.1035,959.0
202.1763,1027.0
202.249,950.0
202.3218,1024.0
202.3945,926.0
202.4673,1009.0
202.54,903.0
202.6127,997.0
202.6855,898.0
202.7582,939.0
202.8309,888.0
202.9036,955.0
202.9764,824.0
203.0491,991.0
203.1218,913.0
203.1945,1020.0
203.2672,937.0
203.3399,958.0
203.4126,875.0
203.4853,966.0
203.558,868.0
203.6307,1012.0
203.7034,941.0
203.7761,1001.0
203.8488,961.0
203.9215,988.0
203.9942,858.0
204.0669,1032.0
204.1395,932.0
204.2122,976.0
204.2849,900.0
204.3576,983.0
204.4302,906.0
204.5029,998.0
204.5756,984.0
204.6482,1000.0
204.7209,949.0
204.7935,991.0
204.8662,945.0
204.9389,1040.0
205.0115,892.0
205.0842,1004.0
205.1568,921.0
205.2294,932.0
205.3021,928.0
205.3747,1038.0
205.4474,958.0
205.52,974.0
205.5926,932.0
205.6653,978.0
205.7379,891.0
205.8105,977.0
205.8831,935.0
205.9557,960.0
206.0284,917.0
206.101,1009.0
206.1736,900.0
206.2462,1017.0
206.3188,892.0
206.3914,952.0
206.464,926.0
206.5366,1014.0
206.6092,920.0
206.6818,1022.0
206.7544,978.0
206.827,999.0
206.8996,971.0
206.9721,980.0
207.0447,937.0
207.1173,1005.0
207.1899,957.0
207.2625,1071.0
207.335,966.0
207.4076,1054.0
207.4802,990.0
207.5527,1016.0
207.6253,895.0
207.6978,1073.0
207.7704,1015.0
207.843,1047.0
207.9155,990.0
207.9881,1091.0
208.0606,1016.0
208.1331,1097.0
208.2057,1051.0
208.2782,1139.0
208.3508,1083.0
208.4233,1108.0
208.4958,1034.0
208.5684,1053.0
208.6409,981.0
208.7134,1041.0
208.7859,966.0
208.8584,1061.0
208.931,976.0
209.0035,1028.0
209.076,950.0
209.1485,1065.0
209.221,938.0
209.2935,1052.0
209.366,1008.0
209.4385,1051.0
209.511,964.0
209.5835,1083.0
209.656,1020.0
209.7285,1048.0
209.801,987.0
209.8735,1040.0
209.9459,977.0
210.0184,1024.0
210.0909,1006.0
210.1634,1057.0
210.2358,966.0
210.3083,1032.0
210.3808,956.0
210.4532,1007.0
210.5257,986.0
210.5982,1013.0
210.6706,996.0
210.7431,966.0
210.8155,965.0
210.888,1049.0
210.9604,930.0
211.0329,994.0
211.1053,903.0
211.1777,960.0
211.2502,952.0
211.3226,991.0
211.3951,871.0
211.4675,1023.0
211.5399,982.0
211.6123,1020.0
211.6847,933.0
211.7572,999.0
211.8296,893.0
211.902,1081.0
211.9744,990.0
212.0468,1014.0
212.1192,897.0
212.1917,938.0
212.264,952.0
212.3364,1015.0
212.4088,935.0
212.4812,1018.0
212.5536,979.0
212.626,1012.0
212.6984,953.0
212.7708,953.0
212.8432,921.0
212.9155,1007.0
212.9879,924.0
213.0603,980.0
213.1326,958.0
213.205,940.0
213.2774,917.0
213.3498,990.0
213.4221,974.0
213.4945,935.0
213.5668,994.0
213.6392,1040.0
213.7115,911.0
213.7839,1019.0
213.8562,941.0
213.9286,953.0
214.0009,918.0
214.0732,1033.0
214.1456,995.0
214.2179,1016.0
214.2903,932.0
214.3626,1045.0
214.4349,994.0
214.5072,1045.0
214.5796,946.0
214.6519,1014.0
214.7242,1046.0
214.7965,1019.0
214.8688,1010.0
214.9411,1031.0
215.0134,957.0
215.0857,1109.0
215.158,991.0
215.2303,1017.0
215.3026,1059.0
215.3749,1054.0
215.4472,1014.0
215.5195,1033.0
215.5918,990.0
215.6641,1023.0
215.7363,941.0
215.8086,1065.0
215.8809,978.0
215.9532,1029.0
216.0254,945.0
216.0977,1006.0
216.17,988.0
216.2422,1095.0
216.3145,988.0
216.3867,1118.0
216.459,1067.0
216.5313,1094.0
216.6035,1033.0
216.6758,1088.0
216.748,1007.0
216.8202,1075.0
216.8925,1005.0
216.9647,1074.0
217.037,1068.0
217.1092,1125.0
217.1814,979.0
217.2536,1074.0
217.3259,1043.0
217.3981,1152.0
217.4703,1030.0
217.5425,1051.0
217.6147,1019.0
217.687,1143.0
217.7592,1098.0
217.8314,1109.0
217.9035,1049.0
217.9758,1073.0
218.048,1079.0
218.1201,1133.0
218.1924,1060.0
218.2645,1096.0
218.3367,1054.0
218.4089,1101.0
218.4811,1010.0
218.5533,1146.0
218.6255,1020.0
218.6976,1095.0
218.7698,1090.0
218.842,1117.0
218.9142,1085.0
218.9863,1088.0
219.0585,1107.0
219.1306,1131.0
219.2028,1116.0
219.2749,1106.0
219.3471,1078.0
219.4193,1169.0
219.4914,1077.0
219.5636,1164.0
219.6357,1061.0
219.7078,1151.0
219.78,1130.0
219.8521,1156.0
219.9242,1104.0
219.9964,1174.0
220.0685,1089.0
220.1406,1131.0
220.2128,1134.0
220.2849,1162.0
220.357,1083.0
220.4291,1210.0
220.5012,1093.0
220.5733,1173.0
220.6454,1141.0
220.7175,1145.0
220.7896,1119.0
220.8617,1198.0
220.9338,1150.0
221.0059,1214.0
221.078,1120.0
221.1501,1173.0
221.2222,1151.0
221.2943,1205.0
221.3663,1045.0
221.4384,1170.0
221.5105,1136.0
221.5826,1079.0
221.6546,1058.0
221.7267,1104.0
221.7988,1039.0
221.8708,1152.0
221.9429,1031.0
222.015,1159.0
222.087,1048.0
222.1591,1117.0
222.2311,1084.0
222.3032,1151.0
222.3752,1049.0
222.4473,1096.0
222.5193,976.0
222.5913,1094.0
222.6634,1033.0
222.7354,1088.0
222.8074,1022.0
222.8795,1114.0
222.9515,1023.0
223.0235,1078.0
223.0955,1110.0
223.1675,1093.0
223.2395,1047.0
223.3116,1099.0
223.3836,1011.0
223.4556,1061.0
223.5276,1056.0
223.5996,1123.0
223.6716,1059.0
223.7436,1029.0
223.8156,988.0
223.8876,1076.0
223.9595,1051.0
224.0315,1127.0
224.1035,1048.0
224.1755,1132.0
224.2475,1026.0
224.3195,1151.0
224.3914,1087.0
224.4634,1132.0
224.5354,1052.0
224.6073,1119.0
224.6793,1007.0
224.7512,1137.0
224.8232,1050.0
224.8952,1126.0
224.9671,1013.0
225.0391,1057.0
225.111,1084.0
225.1829,1119.0
225.2549,1037.0
225.3268,1106.0
225.3988,1116.0
225.4707,1136.0
225.5426,1065.0
225.6146,1156.0
225.6865,1071.0
225.7584,1196.0
225.8303,1118.0
225.9022,1156.0
225.9742,1140.0
226.0461,1201.0
226.118,1088.0
226.1899,1283.0
226.2618,1200.0
226.3337,1282.0
226.4056,1194.0
226.4775,1270.0
226.5494,1215.0
226.6213,1228.0
226.6932,1185.0
226.7651,1317.0
226.8369,1243.0
226.9088,1349.0
226.9807,1256.0
227.0526,1282.0
227.1245,1112.0
227.1963,1175.0
227.2682,1048.0
227.3401,1162.0
227.4119,1041.0
227.4838,1120.0
227.5556,1051.0
227.6275,1100.0
227.6993,1047.0
227.7712,1096.0
227.8431,1042.0
227.9149,1033.0
227.9867,1022.0
228.0586,1021.0
228.1304,1046.0
228.2023,1105.0
228.2741,1016.0
228.3459,1077.0
228.4177,1056.0
228.4896,1063.0
228.5614,978.0
228.6332,1010.0
228.705,1014.0
228.7768,1080.0
228.8486,1049.0
228.9205,1093.0
228.9923,973.0
229.0641,1087.0
229.1359,946.0
229.2077,1034.0
229.2794,960.0
229.3513,1092.0
229.423,1029.0
229.4948,1065.0
229.5666,925.0
229.6384,1088.0
229.7102,1004.0
229.782,1056.0
229.8537,994.0
229.9255,1024.0
229.9973,982.0
230.069,1016.0
230.1408,1000.0
230.2126,1101.0
230.2843,974.0
230.3561,1045.0
230.4278,1012.0
230.4996,1016.0
230.5713,942.0
230.6431,1061.0
230.7148,1004.0
230.7866,1072.0
230.8583,984.0
230.93,1029.0
231.0018,1040.0
231.0735,1110.0
231.1452,1086.0
231.2169,1178.0
231.2887,1086.0
231.3604,1258.0
231.4321,1125.0
231.5038,1159.0
231.5755,1117.0
231.6472,1185.0
231.7189,1091.0
231.7906,1180.0
231.8624,1109.0
231.9341,1278.0
232.0057,1178.0
232.0774,1229.0
232.1491,1252.0
232.2208,1266.0
232.2925,1091.0
232.3642,1117.0
232.4359,1106.0
232.5075,1174.0
232.5792,1071.0
232.6509,1129.0
232.7225,1084.0
232.7942,1149.0
232.8659,987.0
232.9375,1075.0
233.0092,1032.0
233.0809,1058.0
233.1525,1064.0
233.2242,1063.0
233.2958,1047.0
233.3675,1090.0
233.4391,1027.0
233.5107,1062.0
233.5824,937.0
233.654,1075.0
233.7256,989.0
233.7973,1107.0
233.8689,1053.0
233.9405,1110.0
234.0121,1059.0
234.0838,1094.0
234.1554,1033.0
234.227,1160.0
234.2986,1001.0
234.3702,1101.0
234.4418,1021.0
234.5134,1068.0
234.585,1050.0
234.6566,1086.0
234.7282,1008.0
234.7998,1104.0
234.8714,1038.0
234.943,1165.0
235.0146,1055.0
235.0862,1078.0
235.1577,1108.0
235.2293,1051.0
235.3009,1076.0
235.3725,1157.0
235.444,1121.0
235.5156,1196.0
235.5872,1047.0
235.6587,1152.0
235.7303,1116.0
235.8018,1172.0
235.8734,1076.0
235.9449,1287.0
236.0165,1178.0
236.088,1258.0
236.1596,1216.0
236.2311,1368.0
236.3026,1339.0
236.3742,1389.0
236.4457,1435.0
236.5172,1634.0
236.5887,1756.0
236.6603,1959.0
236.7318,2070.0
236.8033,2379.0
236.8748,2213.0
236.9464,2326.0
237.0179,2193.0
237.0894,2239.0
237.1609,2361.0
237.2324,2454.0
237.3039,2379.0
237.3754,2336.0
237.4469,2099.0
237.5184,1912.0
237.5898,1593.0
237.6613,1565.0
237.7328,1424.0
237.8043,1425.0
237.8758,1354.0
237.9472,1346.0
238.0187,1244.0
238.0902,1318.0
238.1617,1258.0
238.2331,1355.0
238.3046,1219.0
238.376,1196.0
238.4475,1105.0
238.519,1231.0
238.5904,1129.0
238.6618,1173.0
238.7333,1084.0
238.8047,1204.0
238.8762,1107.0
238.9476,1182.0
239.0191,1074.0
239.0905,1172.0
239.1619,1086.0
239.2334,1149.0
239.3048,1075.0
239.3762,1179.0
239.4476,1120.0
239.519,1169.0
239.5904,1102.0
239.6619,1167.0
239.7333,1051.0
239.8047,1092.0
239.8761,1034.0
239.9475,1133.0
240.0189,1017.0
240.0903,1099.0
240.1617,1026.0
240.233,1111.0
240.3044,1012.0
240.3758,1110.0
240.4472,1029.0
240.5186,1161.0
240.59,1013.0
240.6613,1092.0
240.7327,1007.0
240.8041,1124.0
240.8754,1056.0
240.9468,1090.0
241.0181,966.0
241.0895,1085.0
241.1609,1030.0
241.2322,1124.0
241.3036,985.0
241.3749,1097.0
241.4462,1014.0
241.5176,1073.0
241.5889,1066.0
241.6602,1122.0
241.7316,1040.0
241.8029,1057.0
241.8743,1032.0
241.9456,1055.0
242.0169,997.0
242.0882,1090.0
242.1595,1048.0
242.2309,1050.0
242.3022,1009.0
242.3735,1110.0
242.4448,999.0
242.5161,1098.0
242.5874,1025.0
242.6587,1106.0
242.73,1011.0
242.8013,1037.0
242.8726,1031.0
242.9438,1084.0
243.0151,1009.0
243.0864,1075.0
243.1577,972.0
243.229,1111.0
243.3002,1022.0
243.3715,1104.0
243.4428,993.0
243.5141,1084.0
243.5853,1055.0
243.6566,1121.0
243.7278,988.0
243.7991,1076.0
243.8703,1012.0
243.9416,1105.0
244.0128,1026.0
244.0841,1064.0
244.1553,968.0
244.2266,1078.0
244.2978,1014.0
244.369,1091.0
244.4402,998.0
244.5115,1100.0
244.5827,1063.0
244.6539,1075.0
244.7251,1011.0
244.7964,1021.0
244.8676,1058.0
244.9388,1071.0
245.01,997.0
245.0812,1053.0
245.1524,972.0
245.2236,1047.0
245.2948,983.0
245.366,1048.0
245.4372,954.0
245.5084,1078.0
245.5796,1029.0
245.6507,1071.0
245.7219,1026.0
245.7931,1067.0
245.8643,1029.0
245.9355,1032.0
246.0066,1011.0
246.0778,1057.0
246.149,1003.0
246.2201,1082.0
246.2913,1004.0
246.3624,1093.0
246.4336,986.0
246.5047,1111.0
246.5759,995.0
246.647,1072.0
246.7182,1016.0
246.7893,1077.0
246.8605,937.0
246.9316,1051.0
247.0027,978.0
247.0739,990.0
247.145,914.0
247.2161,994.0
247.2872,983.0
247.3584,1053.0
247.4295,977.0
247.5006,1065.0
247.5717,959.0
247.6428,995.0
247.7139,964.0
247.785,990.0
247.8561,930.0
247.9272,1021.0
247.9983,943.0
248.0694,1040.0
248.1405,941.0
248.2116,1017.0
248.2827,944.0
248.3537,1021.0
248.4248,922.0
248.4959,1028.0
248.5669,908.0
248.638,1048.0
248.7091,934.0
248.7802,1031.0
248.8512,970.0
248.9223,1068.0
248.9933,944.0
249.0644,981.0
249.1354,973.0
249.2065,1085.0
249.2775,982.0
249.3486,1050.0
249.4196,926.0
249.4906,978.0
249.5617,930.0
249.6327,965.0
249.7037,919.0
249.7747,1009.0
249.8458,947.0
249.9168,1079.0
249.9878,988.0
250.0588,1011.0
250.1298,994.0
250.2009,1009.0
250.2719,973.0
250.3429,1044.0
250.4138,933.0
250.4849,1037.0
250.5558,924.0
250.6268,1044.0
250.6978,898.0
250.7688,978.0
250.8398,960.0
250.9108,1040.0
250.9818,920.0
251.0527,1027.0
251.1237,983.0
251.1947,980.0
251.2657,914.0
251.3366,976.0
251.4076,949.0
251.4785,1015.0
251.5495,938.0
251.6205,1011.0
251.6914,986.0
251.7623,1054.0
251.8333,933.0
251.9042,1021.0
251.9752,923.0
252.0461,1051.0
252.1171,871.0
252.188,998.0
252.2589,916.0
252.3298,1001.0
252.4008,915.0
252.4717,1009.0
252.5426,941.0
252.6135,1020.0
252.6844,932.0
252.7553,963.0
252.8262,890.0
252.8971,1016.0
252.9681,910.0
253.039,970.0
253.1098,933.0
253.1808,1033.0
253.2516,938.0
253.3225,979.0
253.3934,913.0
253.4643,968.0
253.5352,914.0
253.606,965.0
253.6769,965.0
253.7478,998.0
253.8187,972.0
253.8895,949.0
253.9604,894.0
254.0312,1002.0
254.1021,919.0
254.173,996.0
254.2438,894.0
254.3147,1001.0
254.3855,953.0
254.4563,959.0
254.5272,902.0
254.598,1059.0
254.6689,962.0
254.7397,1000.0
254.8105,923.0
254.8813,953.0
254.9522,971.0
255.023,981.0
255.0938,902.0
255.1646,1031.0
255.2354,946.0
255.3062,1023.0
255.3771,838.0
255.4479,1039.0
255.5187,911.0
255.5894,1013.0
255.6603,949.0
255.731,1045.0
255.8018,919.0
255.8726,1017.0
255.9434,998.0
256.0142,1030.0
256.085,916.0
256.1558,1057.0
256.2265,970.0
256.2973,1033.0
256.3681,987.0
256.4388,1140.0
256.5096,984.0
256.5804,1145.0
256.6511,1116.0
256.7219,1279.0
256.7926,1292.0
256.8634,1462.0
256.9341,1262.0
257.0049,1230.0
257.0756,1095.0
257.1463,1204.0
257.2171,1137.0
257.2878,1273.0
257.3585,1189.0
257.4292,1423.0
257.5,1548.0
257.5707,1706.0
257.6414,1494.0
257.7122,1336.0
257.7828,1219.0
257.8535,1286.0
257.9243,1093.0
257.995,1165.0
258.0657,1070.0
258.1364,1089.0
258.2071,1019.0
258.2777,1072.0
258.3484,1006.0
258.4191,1037.0
258.4898,978.0
258.5605,1053.0
258.6312,982.0
258.7018,1085.0
258.7725,968.0
258.8432,1009.0
258.9139,922.0
258.9845,1017.0
259.0552,922.0
259.1259,1020.0
259.1965,938.0
259.2672,1015.0
259.3378,1002.0
259.4085,1023.0
259.4791,922.0
259.5497,1013.0
259.6204,887.0
259.691,1027.0
259.7617,913.0
259.8323,1085.0
259.9029,952.0
259.9735,1065.0
260.0442,901.0
260.1147,1008.0
260.1854,896.0
260.256,996.0
260.3267,954.0
260.3972,1032.0
260.4678,948.0
260.5384,1030.0
260.6091,936.0
260.6796,1029.0
260.7502,968.0
260.8208,1030.0
260.8914,917.0
260.962,1018.0
261.0326,930.0
261.1032,1028.0
261.1737,971.0
261.2444,1050.0
261.3149,991.0
261.3854,1049.0
261.456,964.0
261.5266,1099.0
261.5971,991.0
261.6677,1143.0
261.7383,1034.0
261.8088,1090.0
261.8794,989.0
261.9499,1087.0
262.0205,983.0
262.091,1095.0
262.1615,955.0
262.2321,1110.0
262.3026,1097.0
262.3731,1117.0
262.4437,1043.0
262.5142,1177.0
262.5847,1147.0
262.6552,1158.0
262.7257,1126.0
262.7962,1299.0
262.8668,1260.0
262.9373,1325.0
263.0078,1381.0
263.0783,1499.0
263.1488,1549.0
263.2193,1676.0
263.2898,1598.0
263.3603,1774.0
263.4307,1553.0
263.5012,1634.0
263.5717,1422.0
263.6422,1441.0
263.7127,1371.0
263.7831,1358.0
263.8536,1273.0
263.9241,1345.0
263.9945,1206.0
264.065,1247.0
264.1354,1129.0
264.2059,1186.0
264.2764,1060.0
264.3468,1163.0
264.4173,1037.0
264.4877,1136.0
264.5581,1053.0
264.6286,1156.0
264.699,1059.0
264.7694,1098.0
264.8399,1042.0
264.9103,1084.0
264.9807,1006.0
265.0511,1107.0
265.1216,1043.0
265.192,1195.0
265.2625,1182.0
265.3328,1287.0
265.4032,1047.0
265.4736,1129.0
265.5441,1031.0
265.6144,1061.0
265.6848,999.0
265.7552,1111.0
265.8256,1044.0
265.896,1165.0
265.9664,1124.0
266.0368,1303.0
266.1071,1313.0
266.1775,1278.0
266.2479,1112.0
266.3183,1124.0
266.3886,1029.0
266.459,1100.0
266.5294,987.0
266.5998,1034.0
266.6701,968.0
266.7404,1110.0
266.8108,982.0
266.8812,1027.0
266.9515,971.0
267.0219,1032.0
267.0922,931.0
267.1625,1057.0
267.2328,1001.0
267.3032,1063.0
267.3735,934.0
267.4438,953.0
267.5142,924.0
267.5845,1024.0
267.6548,963.0
267.7251,981.0
267.7954,904.0
267.8657,986.0
267.936,876.0
268.0063,995.0
268.0766,932.0
268.1469,984.0
268.2172,915.0
268.2875,1006.0
268.3578,899.0
268.4281,964.0
268.4984,890.0
268.5686,969.0
268.6389,883.0
268.7092,985.0
268.7794,914.0
268.8498,951.0
268.92,904.0
268.9902,971.0
269.0605,916.0
269.1308,929.0
269.201,973.0
269.2713,966.0
269.3415,911.0
269.4118,970.0
269.482,918.0
269.5523,968.0
269.6225,849.0
269.6927,1007.0
269.7629,923.0
269.8332,985.0
269.9034,848.0
269.9736,972.0
270.0439,931.0
270.114,981.0
270.1843,920.0
270.2545,944.0
270.3247,880.0
270.3949,919.0
270.4651,894.0
270.5353,978.0
270.6055,896.0
270.6757,962.0
270.7459,873.0
270.8161,1013.0
270.8863,917.0
270.9564,992.0
271.0266,895.0
271.0968,960.0
271.167,880.0
271.2371,1006.0
271.3073,860.0
271.3775,1003.0
271.4476,880.0
271.5178,988.0
271.588,949.0
271.6581,958.0
271.7282,935.0
271.7984,1008.0
271.8685,894.0
271.9387,964.0
272.0088,929.0
272.0789,1001.0
272.1491,960.0
272.2192,1007.0
272.2893,944.0
272.3595,1002.0
272.4296,944.0
272.4997,998.0
272.5698,913.0
272.64,1038.0
272.7101,931.0
272.7802,1018.0
272.8503,895.0
272.9204,992.0
272.9904,901.0
273.0605,1063.0
273.1306,953.0
273.2007,997.0
273.2708,908.0
273.3409,982.0
273.411,895.0
273.481,984.0
273.5511,958.0
273.6212,1048.0
273.6913,983.0
273.7614,1017.0
273.8314,970.0
273.9015,1013.0
273.9715,928.0
274.0416,1017.0
274.1116,964.0
274.1817,977.0
274.2517,1010.0
274.3217,1004.0
274.3918,962.0
274.4619,1016.0
274.5319,920.0
274.602,1055.0
274.6719,978.0
274.742,1055.0
274.812,1036.0
274.882,1016.0
274.952,945.0
275.0221,1063.0
275.0921,883.0
275.1621,1012.0
275.2321,948.0
275.3021,1060.0
275.3721,937.0
275.4421,1017.0
275.5121,910.0
275.5821,1072.0
275.6521,946.0
275.722,1030.0
275.792,988.0
275.862,967.0
275.932,904.0
276.002,985.0
276.0719,919.0
276.1418,1006.0
276.2119,933.0
276.2818,1064.0
276.3517,944.0
276.4218,1025.0
276.4917,925.0
276.5616,932.0
276.6316,956.0
276.7015,1038.0
276.7715,908.0
276.8414,1020.0
276.9113,838.0
276.9813,986.0
277.0512,921.0
277.1211,994.0
277.191,948.0
277.261,959.0
277.3309,883.0
277.4008,994.0
277.4707,893.0
277.5406,1010.0
277.6105,947.0
277.6804,993.0
277.7503,927.0
277.8202,976.0
277.8901,917.0
277.96,1027.0
278.0299,930.0
278.0998,1007.0
278.1697,926.0
278.2396,956.0
278.3094,939.0
278.3793,1003.0
278.4492,899.0
278.519,969.0
278.5889,954.0
278.6588,991.0
278.7286,893.0
278.7985,997.0
278.8683,946.0
278.9382,1045.0
279.0081,957.0
279.0779,998.0
279.1477,930.0
279.2176,995.0
279.2874,934.0
279.3572,1052.0
279.4271,971.0
279.4969,1059.0
279.5667,993.0
279.6365,1033.0
279.7063,938.0
279.7762,1041.0
279.846,939.0
279.9158,1034.0
279.9856,992.0
280.0554,1057.0
280.1252,1006.0
280.195,1035.0
280.2648,971.0
280.3346,1096.0
280.4044,994.0
280.4742,1087.0
280.544,1019.0
280.6137,1095.0
280.6835,1016.0
280.7533,1085.0
280.8231,1043.0
280.8928,1125.0
280.9626,1039.0
281.0323,1150.0
281.1021,1138.0
281.1719,1257.0
281.2416,1206.0
281.3114,1359.0
281.3811,1365.0
281.4509,1619.0
281.5206,1850.0
281.5904,2245.0
281.6601,2595.0
281.7299,2880.0
281.7996,2533.0
281.8693,2229.0
281.939,1810.0
282.0088,1783.0
282.0784,1440.0
282.1482,1462.0
282.2179,1304.0
282.2876,1309.0
282.3573,1227.0
282.427,1242.0
282.4967,1173.0
282.5664,1142.0
282.6361,1164.0
282.7058,1193.0
282.7755,1099.0
282.8452,1154.0
282.9149,1087.0
282.9845,1102.0
283.0542,1094.0
283.1239,1103.0
283.1936,1055.0
283.2632,1149.0
283.3329,991.0
283.4026,1141.0
283.4722,1045.0
283.5419,1133.0
283.6115,1014.0
283.6812,1127.0
283.7508,1028.0
283.8205,1118.0
283.8901,1002.0
283.9597,1037.0
284.0294,1015.0
284.099,1082.0
284.1686,989.0
284.2383,1103.0
284.3079,1006.0
284.3775,1053.0
284.4471,993.0
284.5168,1102.0
284.5864,991.0
284.656,1059.0
284.7256,1014.0
284.7952,1072.0
284.8648,951.0
284.9344,1113.0
285.004,1039.0
285.0736,1101.0
285.1432,972.0
285.2128,1065.0
285.2823,970.0
285.3519,1083.0
285.4215,970.0
285.4911,1094.0
285.5606,986.0
285.6302,1051.0
285.6998,979.0
285.7693,995.0
285.8389,1007.0
285.9084,1063.0
285.978,1013.0
286.0475,975.0
286.1171,973.0
286.1866,1077.0
286.2562,991.0
286.3257,1024.0
286.3952,1007.0
286.4648,1088.0
286.5343,1020.0
286.6039,1017.0
286.6733,954.0
286.7429,1077.0
286.8124,964.0
286.8819,1060.0
286.9514,948.0
287.0209,1079.0
287.0904,962.0
287.1599,1050.0
287.2294,1038.0
287.299,1086.0
287.3684,1015.0
287.4379,1091.0
287.5074,913.0
287.5769,1087.0
287.6464,1005.0
287.7159,1059.0
287.7853,987.0
287.8548,1066.0
287.9243,1017.0
287.9937,1044.0
288.0632,987.0
288.1327,1065.0
288.2021,969.0
288.2716,998.0
288.341,1010.0
288.4105,1105.0
288.4799,958.0
288.5493,1024.0
288.6188,973.0
288.6882,1065.0
288.7577,946.0
288.8271,1039.0
288.8965,986.0
288.9659,1106.0
289.0354,952.0
289.1048,1043.0
289.1742,993.0
289.2436,1089.0
289.313,1031.0
289.3824,1080.0
289.4518,1017.0
289.5212,1096.0
289.5906,950.0
289.66,1047.0
289.7294,1006.0
289.7988,1046.0
289.8682,1004.0
289.9376,1035.0
290.007,991.0
290.0764,1089.0
290.1457,1015.0
290.2151,1080.0
290.2844,969.0
290.3538,1101.0
290.4232,1000.0
290.4925,1067.0
290.5619,976.0
290.6312,1098.0
290.7006,992.0
290.7699,1070.0
290.8393,1031.0
290.9086,1074.0
290.978,1043.0
291.0473,1064.0
291.1166,1017.0
291.1859,1097.0
291.2553,985.0
291.3246,1099.0
291.3939,1056.0
291.4632,1050.0
291.5325,982.0
291.6018,1134.0
291.6712,1059.0
291.7405,1116.0
291.8098,1027.0
291.8791,1181.0
291.9484,1019.0
292.0176,1117.0
292.0869,1034.0
292.1562,1113.0
292.2255,1068.0
292.2948,1097.0
292.3641,1058.0
292.4334,1157.0
292.5026,1082.0
292.5719,1132.0
292.6412,1012.0
292.7104,1181.0
292.7797,1070.0
292.8489,1165.0
292.9182,1094.0
292.9875,1112.0
293.0567,1006.0
293.1259,1189.0
293.1952,1078.0
293.2644,1097.0
293.3336,990.0
293.4029,1109.0
293.4721,1048.0
293.5413,1121.0
293.6106,1004.0
293.6798,1093.0
293.749,1046.0
293.8182,1132.0
293.8875,1040.0
293.9566,1126.0
294.0259,980.0
294.0951,1125.0
294.1642,990.0
294.2334,1112.0
294.3026,1029.0
294.3718,1130.0
294.441,1036.0
294.5102,1141.0
294.5794,1068.0
294.6485,1084.0
294.7177,1029.0
294.7869,1112.0
294.8561,992.0
294.9253,1104.0
294.9944,942.0
295.0636,1096.0
295.1327,1026.0
295.2019,1082.0
295.271,936.0
295.3402,1051.0
295.4093,1006.0
295.4785,1087.0
295.5476,1051.0
295.6168,1090.0
295.6859,1011.0
295.755,1103.0
295.8241,995.0
295.8932,1103.0
295.9623,999.0
296.0315,1095.0
296.1006,993.0
296.1697,1059.0
296.2388,987.0
296.3079,1027.0
296.377,1039.0
296.4461,1070.0
296.5152,1001.0
296.5843,1043.0
296.6534,989.0
296.7225,1111.0
296.7916,979.0
296.8606,1126.0
296.9297,1007.0
296.9988,1072.0
297.0679,1003.0
297.137,1087.0
297.206,979.0
297.2751,1095.0
297.3441,1010.0
297.4132,1107.0
297.4823,987.0
297.5513,1063.0
297.6204,1025.0
297.6894,1099.0
297.7584,1023.0
297.8275,1069.0
297.8965,1011.0
297.9655,1082.0
298.0346,1029.0
298.1036,1059.0
298.1726,1012.0
298.2417,1057.0
298.3106,999.0
298.3797,1112.0
298.4487,1051.0
298.5177,1104.0
298.5867,1062.0
298.6557,1127.0
298.7247,1040.0
298.7937,1091.0
298.8627,1022.0
298.9317,1063.0
299.0007,1003.0
299.0696,1050.0
299.1386,1001.0
299.2076,1119.0
299.2766,1035.0
299.3456,1091.0
299.4145,1027.0
299.4835,1110.0
299.5524,1055.0
299.6214,1067.0
299.6903,1041.0
299.7593,1103.0
299.8282,1015.0
299.8972,1091.0
299.9661,1029.0
300.0351,1116.0
300.104,993.0
300.173,1103.0
300.2419,1039.0
300.3108,1138.0
300.3797,1010.0
300.4487,1176.0
300.5176,1019.0
300.5865,1063.0
300.6554,1021.0
300.7243,1071.0
300.7932,1010.0
300.8621,1089.0
300.931,1059.0
300.9999,1122.0
301.0688,995.0
301.1377,1103.0
301.2066,1012.0
301.2755,1151.0
301.3444,1043.0
301.4132,1093.0
301.4821,1017.0
301.551,1088.0
301.6199,1085.0
301.6887,1137.0
301.7576,1028.0
301.8265,1100.0
301.8953,1034.0
301.9642,1108.0
302.033,1058.0
302.1019,1142.0
302.1707,1038.0
302.2396,1123.0
302.3084,1130.0
302.3772,1139.0
302.4461,1067.0
302.5149,1075.0
302.5837,1089.0
302.6526,1159.0
302.7214,1057.0
302.7902,1179.0
302.859,1071.0
302.9278,1106.0
302.9966,1129.0
303.0654,1188.0
303.1342,1051.0
303.203,1143.0
303.2718,1063.0
303.3406,1182.0
303.4094,1068.0
303.4781,1127.0
303.547,1061.0
303.6158,1107.0
303.6845,1089.0
303.7533,1162.0
303.8221,1051.0
303.8908,1178.0
303.9596,1063.0
304.0284,1182.0
304.0971,1081.0
304.1659,1147.0
304.2346,1121.0
304.3034,1177.0
304.3721,1107.0
304.4409,1160.0
304.5096,1085.0
304.5784,1136.0
304.6471,1066.0
304.7158,1209.0
304.7845,1136.0
304.8533,1214.0
304.922,1172.0
304.9907,1367.0
305.0594,1332.0
305.1281,1380.0
305.1969,1193.0
305.2656,1296.0
305.3343,1247.0
305.403,1324.0
305.4717,1422.0
305.5403,1562.0
305.609,1400.0
305.6778,1631.0
305.7464,1756.0
305.8151,1751.0
305.8838,1479.0
305.9525,1502.0
306.0211,1371.0
306.0898,1420.0
306.1585,1237.0
306.2271,1335.0
306.2958,1267.0
306.3645,1371.0
306.4331,1402.0
306.5017,1512.0
306.5704,1397.0
306.6391,1603.0
306.7077,1373.0
306.7763,1427.0
306.845,1212.0
306.9136,1326.0
306.9822,1249.0
307.0508,1290.0
307.1195,1227.0
307.1881,1258.0
307.2567,1185.0
307.3253,1308.0
307.3939,1283.0
307.4625,1365.0
307.5312,1251.0
307.5998,1444.0
307.6684,1352.0
307.7369,1415.0
307.8055,1452.0
307.8741,1685.0
307.9427,1786.0
308.0113,2224.0
308.0799,2533.0
308.1484,3230.0
308.217,3954.0
308.2856,3897.0
308.3542,3024.0
308.4227,2584.0
308.4913,2185.0
308.5598,2025.0
308.6284,1834.0
308.6969,1848.0
308.7655,1860.0
308.834,1924.0
308.9026,1986.0
308.9711,2287.0
309.0396,2488.0
309.1082,3068.0
309.1767,3814.0
309.2452,4607.0
309.3138,4887.0
309.3823,4422.0
309.4508,3302.0
309.5193,2867.0
309.5878,2403.0
309.6563,2155.0
309.7249,1857.0
309.7933,1859.0
309.8618,1645.0
309.9303,1609.0
309.9988,1435.0
310.0673,1558.0
310.1358,1445.0
310.2043,1586.0
310.2728,1406.0
310.3412,1501.0
310.4097,1385.0
310.4781,1500.0
310.5466,1375.0
310.6151,1441.0
310.6836,1330.0
310.752,1336.0
310.8205,1260.0
310.8889,1379.0
310.9574,1234.0
311.0258,1299.0
311.0943,1222.0
311.1627,1334.0
311.2311,1117.0
311.2996,1251.0
311.368,1121.0
311.4364,1223.0
311.5049,1119.0
311.5733,1204.0
311.6417,1119.0
311.7101,1238.0
311.7785,1131.0
311.8469,1227.0
311.9153,1104.0
311.9837,1209.0
312.0521,1137.0
312.1205,1143.0
312.1889,1053.0
312.2573,1148.0
312.3257,1062.0
312.3941,1162.0
312.4624,1061.0
312.5308,1112.0
312.5992,1030.0
312.6675,1147.0
312.7359,1089.0
312.8043,1138.0
312.8727,1032.0
312.941,1169.0
313.0093,1043.0
313.0777,1110.0
313.1461,1087.0
313.2144,1158.0
313.2827,1032.0
313.3511,1135.0
313.4194,997.0
313.4877,1061.0
313.5561,1029.0
313.6244,1108.0
313.6927,1011.0
313.761,1110.0
313.8294,1002.0
313.8977,1092.0
313.966,938.0
314.0343,1121.0
314.1026,1007.0
314.1709,1065.0
314.2392,1030.0
314.3075,1111.0
314.3758,1016.0
314.4441,1111.0
314.5124,950.0
314.5806,1113.0
314.6489,989.0
314.7172,1134.0
314.7855,1029.0
314.8537,1079.0
314.922,1012.0
314.9903,1110.0
315.0585,1001.0
315.1268,1110.0
315.195,1025.0
315.2633,1120.0
315.3315,1081.0
315.3998,1096.0
315.468,983.0
315.5362,1076.0
315.6045,1028.0
315.6727,1080.0
315.7409,1008.0
315.8092,1091.0
315.8774,1026.0
315.9456,1126.0
316.0138,1046.0
316.082,1062.0
316.1502,993.0
316.2184,1143.0
316.2867,1031.0
316.3549,1105.0
316.423,1017.0
316.4912,1132.0
316.5594,1045.0
316.6276,1101.0
316.6958,1028.0
316.764,1178.0
316.8322,1004.0
316.9003,1110.0
316.9685,996.0
317.0367,1174.0
317.1049,1059.0
317.173,1140.0
317.2411,1119.0
317.3093,1088.0
317.3774,1033.0
317.4456,1105.0
317.5137,994.0
317.5819,1119.0
317.65,1048.0
317.7182,1118.0
317.7863,1038.0
317.8545,1127.0
317.9225,1001.0
317.9907,1128.0
318.0588,987.0
318.1269,1131.0
318.195,1067.0
318.2631,1144.0
318.3312,1014.0
318.3994,1101.0
318.4675,1029.0
318.5355,1089.0
318.6036,1030.0
318.6717,1155.0
318.7398,1050.0
318.8079,1120.0
318.876,1050.0
318.9441,1133.0
319.0121,1061.0
319.0802,1129.0
319.1483,1054.0
319.2164,1099.0
319.2844,994.0
319.3525,1100.0
319.4205,1016.0
319.4886,1157.0
319.5566,1063.0
319.6247,1141.0
319.6927,1076.0
319.7608,1176.0
319.8288,1086.0
319.8968,1125.0
319.9648,1018.0
320.0329,1164.0
320.1009,1056.0
320.1689,1109.0
320.237,1048.0
320.305,1085.0
320.373,1058.0
320.441,1100.0
320.509,1062.0
320.577,1184.0
320.645,1032.0
320.713,1121.0
320.781,1116.0
320.849,1089.0
320.917,1040.0
320.985,1120.0
321.0529,1056.0
321.1209,1150.0
321.1889,1042.0
321.2568,1116.0
321.3248,1064.0
321.3928,1082.0
321.4608,1029.0
321.5287,1117.0
321.5966,1042.0
321.6646,1120.0
321.7325,1023.0
321.8005,1122.0
321.8684,1040.0
321.9364,1135.0
322.0043,1032.0
322.0722,1109.0
322.1401,1023.0
322.2081,1060.0
322.276,1019.0
322.344,1126.0
322.4119,1054.0
322.4797,1099.0
322.5477,986.0
322.6156,1117.0
322.6835,1061.0
322.7514,1159.0
322.8193,993.0
322.8871,1095.0
322.955,1074.0
323.0229,1190.0
323.0908,1059.0
323.1588,1146.0
323.2266,1045.0
323.2945,1143.0
323.3623,1051.0
323.4302,1151.0
323.4981,1061.0
323.5659,1118.0
323.6338,1107.0
323.7016,1115.0
323.7695,1013.0
323.8373,1122.0
323.9052,1085.0
323.973,1179.0
324.0409,1075.0
324.1087,1180.0
324.1765,1089.0
324.2444,1118.0
324.3122,1087.0
324.38,1121.0
324.4479,978.0
324.5157,1128.0
324.5834,1111.0
324.6512,1103.0
324.7191,1108.0
324.7869,1083.0
324.8547,1074.0
324.9225,1093.0
324.9903,1065.0
325.058,1138.0
325.1259,1055.0
325.1936,1129.0
325.2614,1036.0
325.3292,1106.0
325.397,1089.0
325.4647,1105.0
325.5325,1038.0
325.6002,1118.0
325.668,1037.0
325.7358,1106.0
325.8036,1028.0
325.8713,1107.0
325.939,1107.0
326.0068,1096.0
326.0745,1061.0
326.1422,1082.0
326.21,1063.0
326.2777,1151.0
326.3455,1046.0
326.4132,1130.0
326.4809,1057.0
326.5486,1135.0
326.6164,1061.0
326.6841,1135.0
326.7518,1049.0
326.8195,1110.0
326.8872,1067.0
326.9549,1162.0
327.0226,995.0
327.0903,1124.0
327.158,1015.0
327.2256,1111.0
327.2933,1057.0
327.361,1209.0
327.4287,1042.0
327.4964,1151.0
327.5641,1089.0
327.6317,1138.0
327.6994,1012.0
327.767,1189.0
327.8347,1059.0
327.9023,1130.0
327.97,1097.0
328.0376,1110.0
328.1053,1052.0
328.1729,1101.0
328.2406,1085.0
328.3082,1084.0
328.3759,1075.0
328.4435,1112.0
328.5111,1046.0
328.5787,1104.0
328.6463,1046.0
328.7139,1151.0
328.7816,1042.0
328.8492,1133.0
328.9168,1010.0
328.9843,1109.0
329.052,1047.0
329.1196,1083.0
329.1872,1060.0
329.2548,1087.0
329.3224,998.0
329.3899,1117.0
329.4575,1011.0
329.5251,1118.0
329.5927,1053.0
329.6602,1071.0
329.7278,1064.0
329.7953,1087.0
329.8629,1001.0
329.9305,1150.0
329.998,1033.0
330.0656,1088.0
330.1331,993.0
330.2007,1126.0
330.2682,961.0
330.3358,1064.0
330.4033,986.0
330.4708,1072.0
330.5383,997.0
330.6059,1106.0
330.6734,1058.0
330.7409,1047.0
330.8084,1022.0
330.876,1158.0
330.9435,999.0
331.011,1067.0
331.0784,947.0
331.1459,1087.0
331.2134,1021.0
331.2809,1077.0
331.3484,1001.0
331.4159,1033.0
331.4834,997.0
331.5508,1054.0
331.6183,960.0
331.6858,1068.0
331.7533,1014.0
331.8207,1134.0
331.8882,1023.0
331.9557,1106.0
332.0231,974.0
332.0906,1071.0
332.1581,1041.0
332.2255,1057.0
332.2929,967.0
332.3604,1087.0
332.4278,999.0
332.4952,1026.0
332.5627,998.0
332.6301,1095.0
332.6975,957.0
332.7649,1113.0
332.8323,961.0
332.8997,1071.0
332.9672,1023.0
333.0346,1080.0
333.102,1058.0
333.1694,1122.0
333.2368,1027.0
333.3042,1089.0
333.3716,976.0
333.439,1055.0
333.5063,1031.0
333.5737,1151.0
333.6411,1032.0
333.7085,1100.0
333.7758,1059.0
333.8432,1109.0
333.9106,1005.0
333.9779,1090.0
334.0453,958.0
334.1126,1155.0
334.18,1032.0
334.2473,1096.0
334.3147,989.0
334.382,1081.0
334.4494,1033.0
334.5167,1118.0
334.584,1026.0
334.6514,1090.0
334.7187,968.0
334.786,1144.0
334.8533,1033.0
334.9206,1115.0
334.9879,1005.0
335.0553,1120.0
335.1226,968.0
335.1899,1096.0
335.2572,1031.0
335.3245,1098.0
335.3918,1018.0
335.459,1110.0
335.5263,996.0
335.5936,1137.0
335.6609,1013.0
335.7282,1157.0
335.7954,1025.0
335.8627,1122.0
335.93,1034.0
335.9973,1100.0
336.0645,996.0
336.1318,1104.0
336.199,1069.0
336.2662,1109.0
336.3335,996.0
336.4008,1064.0
336.468,970.0
336.5352,1110.0
336.6024,1024.0
336.6697,1122.0
336.7369,1028.0
336.8041,1041.0
336.8714,953.0
336.9386,1102.0
337.0058,989.0
337.073,1056.0
337.1402,1004.0
337.2074,1098.0
337.2746,1003.0
337.3418,1064.0
337.409,976.0
337.4762,1014.0
337.5434,1005.0
337.6106,1037.0
337.6777,982.0
337.7449,1090.0
337.8121,943.0
337.8792,1042.0
337.9464,944.0
338.0135,1029.0
338.0807,1003.0
338.1479,1067.0
338.2151,941.0
338.2822,1074.0
338.3493,1000.0
338.4165,1017.0
338.4836,947.0
338.5508,1078.0
338.6179,957.0
338.6851,1016.0
338.7521,984.0
338.8193,1099.0
338.8864,957.0
338.9535,1046.0
339.0206,994.0
339.0878,1018.0
339.1548,995.0
339.222,1060.0
339.289,977.0
339.3561,1031.0
339.4233,993.0
339.4904,1041.0
339.5574,998.0
339.6245,1024.0
339.6916,975.0
339.7587,1058.0
339.8257,964.0
339.8929,1087.0
339.9599,970.0
340.0269,1041.0
340.094,943.0
340.1611,1044.0
340.2281,921.0
340.2952,1025.0
340.3622,942.0
340.4293,1013.0
340.4963,954.0
340.5633,1036.0
340.6304,978.0
340.6974,1025.0
340.7645,964.0
340.8315,1051.0
340.8985,938.0
340.9655,1023.0
341.0325,918.0
341.0995,994.0
341.1665,973.0
341.2335,1051.0
341.3005,959.0
341.3675,1031.0
341.4345,927.0
341.5015,1038.0
341.5685,951.0
341.6355,1045.0
341.7025,1015.0
341.7694,1029.0
341.8364,925.0
341.9034,1055.0
341.9704,968.0
342.0373,1053.0
342.1043,912.0
342.1712,1100.0
342.2382,959.0
342.3051,1058.0
342.3721,948.0
342.4391,1040.0
342.506,986.0
342.5729,1015.0
342.6398,969.0
342.7068,994.0
342.7737,918.0
342.8406,1057.0
342.9076,979.0
342.9745,1058.0
343.0414,983.0
343.1083,1049.0
343.1752,962.0
343.2421,1089.0
343.309,955.0
343.3759,1039.0
343.4428,986.0
343.5097,1103.0
343.5766,980.0
343.6434,1015.0
343.7104,969.0
343.7772,1045.0
343.8441,987.0
343.9109,1048.0
343.9778,991.0
344.0447,1092.0
344.1116,1006.0
344.1784,1115.0
344.2453,966.0
344.3121,1127.0
344.3789,1010.0
344.4458,1095.0
344.5127,937.0
344.5795,1101.0
344.6463,967.0
344.7131,1065.0
344.78,985.0
344.8468,1046.0
344.9136,912.0
344.9805,1115.0
345.0473,964.0
345.1141,1054.0
345.1809,957.0
345.2477,1074.0
345.3145,975.0
345.3813,1098.0
345.4481,1005.0
345.5149,1072.0
345.5816,997.0
345.6484,1075.0
345.7152,1005.0
345.782,1078.0
345.8488,970.0
345.9155,1086.0
345.9823,969.0
346.049,1048.0
346.1158,983.0
346.1826,1083.0
346.2493,1003.0
346.3161,1094.0
346.3828,1038.0
346.4496,1085.0
346.5163,1001.0
346.5831,1029.0
346.6498,981.0
346.7165,1093.0
346.7832,1034.0
346.85,1080.0
346.9167,1008.0
346.9834,1048.0
347.0501,932.0
347.1168,1097.0
347.1835,1062.0
347.2502,1104.0
347.3169,962.0
347.3836,1092.0
347.4503,1008.0
347.517,1109.0
347.5837,1022.0
347.6504,1085.0
347.717,1008.0
347.7837,1118.0
347.8504,994.0
347.9171,1085.0
347.9837,1004.0
348.0504,1120.0
348.1171,983.0
348.1837,1095.0
348.2504,1028.0
348.317,1086.0
348.3837,1006.0
348.4503,1145.0
348.5169,1023.0
348.5836,1106.0
348.6502,1041.0
348.7169,1103.0
348.7835,1008.0
348.8501,1125.0
348.9167,1067.0
348.9833,1148.0
349.0499,1041.0
349.1165,1142.0
349.1832,1010.0
349.2498,1107.0
349.3163,1040.0
349.3829,1110.0
349.4495,1029.0
349.5161,1133.0
349.5827,1041.0
349.6493,1148.0
349.7159,1019.0
349.7824,1102.0
349.849,1022.0
349.9156,1122.0
349.9821,1030.0
350.0487,1095.0
350.1153,1071.0
350.1818,1135.0
350.2484,1045.0
350.3149,1095.0
350.3814,1011.0
350.448,1075.0
350.5146,1031.0
350.5811,1138.0
350.6476,1065.0
350.7141,1125.0
350.7807,1081.0
350.8472,1139.0
350.9137,1017.0
350.9802,1122.0
351.0467,1060.0
351.1132,1146.0
351.1797,1065.0
351.2462,1112.0
351.3127,1029.0
351.3792,1166.0
351.4457,991.0
351.5122,1150.0
351.5787,1070.0
351.6451,1146.0
351.7116,1085.0
351.7781,1179.0
351.8446,1039.0
351.911,1157.0
351.9775,1047.0
352.044,1150.0
352.1104,1081.0
352.1769,1185.0
352.2433,1080.0
352.3098,1177.0
352.3762,1135.0
352.4427,1180.0
352.5091,1056.0
352.5755,1156.0
352.642,1084.0
352.7084,1191.0
352.7748,1108.0
352.8412,1176.0
352.9077,1084.0
352.9741,1200.0
353.0405,1099.0
353.1068,1150.0
353.1732,1084.0
353.2396,1266.0
353.306,1070.0
353.3724,1175.0
353.4388,1167.0
353.5052,1226.0
353.5716,1083.0
353.638,1177.0
353.7043,1125.0
353.7707,1199.0
353.8371,1085.0
353.9034,1203.0
353.9698,1082.0
354.0362,1212.0
354.1025,1191.0
354.1689,1252.0
354.2352,1179.0
354.3016,1243.0
354.3679,1096.0
354.4342,1243.0
354.5005,1184.0
354.5669,1261.0
354.6332,1127.0
354.6996,1278.0
354.7659,1183.0
354.8322,1236.0
354.8985,1150.0
354.9648,1211.0
355.0311,1119.0
355.0974,1265.0
355.1637,1180.0
355.23,1267.0
355.2963,1139.0
355.3625,1221.0
355.4289,1154.0
355.4952,1238.0
355.5614,1135.0
355.6277,1241.0
355.694,1240.0
355.7603,1259.0
355.8265,1187.0
355.8928,1251.0
355.959,1208.0
356.0253,1302.0
356.0916,1175.0
356.1578,1293.0
356.224,1193.0
356.2903,1296.0
356.3565,1259.0
356.4228,1331.0
356.489,1212.0
356.5552,1380.0
356.6214,1248.0
356.6876,1351.0
356.7539,1373.0
356.8201,1494.0
356.8863,1334.0
356.9525,1462.0
357.0187,1365.0
357.0849,1500.0
357.1511,1441.0
357.2173,1531.0
357.2835,1449.0
357.3497,1552.0
357.4158,1528.0
357.482,1666.0
357.5482,1651.0
357.6144,1726.0
357.6805,1644.0
357.7467,1784.0
357.8128,1697.0
357.879,1861.0
357.9452,1911.0
358.0114,2092.0
358.0775,2060.0
358.1436,2188.0
358.2097,2134.0
358.2759,2509.0
358.342,2474.0
358.4082,2748.0
358.4743,2784.0
358.5404,2813.0
358.6065,2796.0
358.6726,2837.0
358.7387,2790.0
358.8049,2786.0
358.871,2552.0
358.9371,2484.0
359.0032,2316.0
359.0693,2217.0
359.1353,2061.0
359.2014,2060.0
359.2676,1964.0
359.3336,2022.0
359.3997,1876.0
359.4658,1882.0
359.5318,1750.0
359.5979,1856.0
359.664,1697.0
359.7301,1806.0
359.7961,1793.0
359.8622,1793.0
359.9282,1730.0
359.9943,1936.0
360.0603,1879.0
360.1264,1994.0
360.1924,1972.0
360.2585,2117.0
360.3244,2034.0
360.3905,2061.0
360.4565,1869.0
360.5225,1958.0
360.5885,1874.0
360.6546,1911.0
360.7206,1750.0
360.7866,1788.0
360.8526,1659.0
360.9185,1681.0
360.9846,1643.0
361.0506,1735.0
361.1165,1660.0
361.1825,1751.0
361.2485,1710.0
361.3145,1795.0
361.3805,1731.0
361.4465,1770.0
361.5124,1653.0
361.5784,1663.0
361.6443,1519.0
361.7103,1681.0
361.7762,1451.0
361.8422,1602.0
361.9082,1435.0
361.9741,1439.0
362.04,1408.0
362.106,1481.0
362.1719,1391.0
362.2379,1425.0
362.3038,1371.0
362.3697,1460.0
362.4356,1304.0
362.5015,1411.0
362.5675,1334.0
362.6334,1387.0
362.6993,1314.0
362.7652,1360.0
362.8311,1215.0
362.8969,1335.0
362.9629,1193.0
363.0287,1403.0
363.0947,1242.0
363.1605,1339.0
363.2264,1247.0
363.2923,1314.0
363.3582,1225.0
363.424,1235.0
363.4899,1265.0
363.5557,1269.0
363.6216,1191.0
363.6874,1298.0
363.7533,1205.0
363.8191,1244.0
363.885,1134.0
363.9508,1255.0
364.0167,1153.0
364.0825,1268.0
364.1483,1210.0
364.2142,1281.0
364.28,1139.0
364.3458,1262.0
364.4116,1158.0
364.4774,1211.0
364.5432,1114.0
364.609,1181.0
364.6748,1135.0
364.7406,1279.0
364.8065,1141.0
364.8722,1211.0
364.938,1084.0
365.0038,1243.0
365.0696,1119.0
365.1354,1236.0
365.2011,1067.0
365.2669,1212.0
365.3326,1131.0
365.3984,1229.0
365.4642,1090.0
365.5299,1209.0
365.5957,1126.0
365.6614,1179.0
365.7272,1084.0
365.7929,1239.0
365.8587,1104.0
365.9244,1239.0
365.9902,1127.0
366.0559,1168.0
366.1216,1115.0
366.1873,1194.0
366.253,1111.0
366.3188,1239.0
366.3845,1104.0
366.4502,1173.0
366.5159,1083.0
366.5816,1191.0
366.6473,1123.0
366.713,1124.0
366.7787,1064.0
366.8444,1161.0
366.91,1117.0
366.9757,1193.0
367.0414,1052.0
367.1071,1138.0
367.1727,1062.0
367.2384,1102.0
367.3041,1108.0
367.3697,1144.0
367.4354,1051.0
367.501,1127.0
367.5667,1015.0
367.6323,1138.0
367.698,1064.0
367.7636,1123.0
367.8292,1069.0
367.8948,1109.0
367.9605,1039.0
368.0261,1124.0
368.0918,985.0
368.1573,1152.0
368.223,1072.0
368.2885,1173.0
368.3542,1058.0
368.4198,1066.0
368.4854,1054.0
368.551,1104.0
368.6165,980.0
368.6821,1105.0
368.7477,1017.0
368.8133,1129.0
368.8789,990.0
368.9445,1108.0
369.01,1024.0
369.0756,1078.0
369.1411,1068.0
369.2067,1083.0
369.2723,1012.0
369.3379,1110.0
369.4034,991.0
369.4689,1070.0
369.5345,995.0
369.6,1068.0
369.6656,983.0
369.7311,1055.0
369.7966,961.0
369.8622,1097.0
369.9277,1012.0
369.9932,1081.0
370.0587,993.0
370.1242,1112.0
370.1897,998.0
370.2552,1118.0
370.3207,1024.0
370.3862,1118.0
370.4517,998.0
370.5172,1099.0
370.5827,1031.0
370.6482,1108.0
370.7136,1057.0
370.7791,1109.0
370.8446,1039.0
370.9101,1109.0
370.9756,1038.0
371.041,1120.0
371.1064,1054.0
371.1719,1079.0
371.2373,1062.0
371.3028,1145.0
371.3683,1064.0
371.4337,1139.0
371.4991,1055.0
371.5646,1115.0
371.63,1044.0
371.6954,1128.0
371.7608,1035.0
371.8263,1159.0
371.8917,1091.0
371.9571,1140.0
372.0225,1050.0
372.0879,1157.0
372.1533,1097.0
372.2187,1157.0
372.2841,1036.0
372.3495,1135.0
372.4149,1052.0
372.4803,1116.0
372.5457,1060.0
372.611,1154.0
372.6764,1045.0
372.7418,1184.0
372.8071,1060.0
372.8725,1178.0
372.9379,1061.0
373.0032,1148.0
373.0686,1052.0
373.1339,1164.0
373.1992,1003.0
373.2646,1168.0
373.3299,1080.0
373.3953,1132.0
373.4606,1058.0
373.5259,1153.0
373.5912,1046.0
373.6566,1124.0
373.7219,1038.0
373.7872,1105.0
373.8525,1026.0
373.9178,1151.0
373.9831,1000.0
374.0484,1125.0
374.1137,1042.0
374.179,1127.0
374.2443,981.0
374.3096,1128.0
374.3749,1042.0
374.4401,1135.0
374.5054,1029.0
374.5706,1090.0
374.636,1036.0
374.7012,1107.0
374.7665,1067.0
374.8318,1132.0
374.897,1041.0
374.9622,1126.0
375.0275,1037.0
375.0927,1081.0
375.158,1076.0
375.2232,1124.0
375.2885,1053.0
375.3537,1086.0
375.4189,1014.0
375.4841,1108.0
375.5493,1010.0
375.6145,1116.0
375.6797,1059.0
375.745,1097.0
375.8101,1018.0
375.8754,1101.0
375.9406,1010.0
376.0057,1167.0
376.071,1032.0
376.1361,1101.0
376.2013,1006.0
376.2665,1099.0
376.3317,1033.0
376.3969,1090.0
376.462,1006.0
376.5272,1123.0
376.5923,1085.0
376.6575,1110.0
376.7226,999.0
376.7878,1085.0
376.8529,965.0
376.9181,1110.0
376.9832,1027.0
377.0483,1065.0
377.1135,972.0
377.1786,1068.0
377.2437,1021.0
377.3089,1041.0
377.374,996.0
377.4391,1054.0
377.5042,1006.0
377.5693,1036.0
377.6344,978.0
377.6995,1044.0
377.7646,1007.0
377.8297,1091.0
377.8948,994.0
377.9599,1057.0
378.025,964.0
378.09,1051.0
378.1551,971.0
378.2202,1059.0
378.2852,972.0
378.3503,1090.0
378.4154,933.0
378.4804,1107.0
378.5455,933.0
378.6105,1104.0
378.6755,987.0
378.7406,1062.0
378.8057,991.0
378.8707,1040.0
378.9357,976.0
379.0008,1103.0
379.0658,943.0
379.1308,1049.0
379.1958,976.0
379.2609,1066.0
379.3259,1029.0
379.3908,1053.0
379.4558,1012.0
379.5208,1046.0
379.5858,973.0
379.6509,1004.0
379.7159,1008.0
379.7808,1042.0
379.8458,981.0
379.9108,1064.0
379.9758,968.0
380.0407,1106.0
380.1057,1019.0
380.1707,1080.0
380.2356,944.0
380.3006,1056.0
380.3655,1017.0
380.4305,1023.0
380.4955,980.0
380.5604,1038.0
380.6253,1016.0
380.6902,1118.0
380.7552,955.0
380.8201,1154.0
380.885,981.0
380.95,1032.0
381.0149,1027.0
381.0798,1095.0
381.1447,1037.0
381.2096,1112.0
381.2745,978.0
381.3394,1103.0
381.4043,1029.0
381.4692,1116.0
381.5341,1052.0
381.5989,1063.0
381.6638,1045.0
381.7287,1108.0
381.7936,950.0
381.8585,1128.0
381.9233,1071.0
381.9882,1148.0
382.053,1088.0
382.1179,1145.0
382.1828,1054.0
382.2476,1109.0
382.3124,1020.0
382.3773,1152.0
382.4421,1070.0
382.507,1137.0
382.5718,1050.0
382.6366,1120.0
382.7014,1078.0
382.7663,1085.0
382.8311,1014.0
382.8959,1161.0
382.9607,1028.0
383.0255,1093.0
383.0903,1070.0
383.1551,1135.0
383.2199,1038.0
383.2847,1094.0
383.3495,1008.0
383.4143,1061.0
383.479,999.0
383.5438,1105.0
383.6086,1017.0
383.6734,1082.0
383.7381,958.0
383.8029,1113.0
383.8676,1032.0
383.9324,1118.0
383.9972,973.0
384.0619,1061.0
384.1266,956.0
384.1914,1072.0
384.2562,1073.0
384.3209,1028.0
384.3856,1010.0
384.4503,1124.0
384.515,984.0
384.5797,1064.0
384.6445,948.0
384.7092,1043.0
384.7739,956.0
384.8386,1076.0
384.9033,970.0
384.968,1102.0
385.0327,1011.0
385.0974,1098.0
385.162,1012.0
385.2267,1087.0
385.2914,969.0
385.3561,1063.0
385.4208,1011.0
385.4854,1070.0
385.5501,1001.0
385.6147,1074.0
385.6794,1007.0
385.7441,1171.0
385.8087,1013.0
385.8734,1106.0
385.938,991.0
386.0027,1057.0
386.0673,1027.0
386.1319,1076.0
386.1966,1035.0
386.2612,1095.0
386.3258,1010.0
386.3904,1085.0
386.455,996.0
386.5196,1099.0
386.5843,1077.0
386.6489,1115.0
386.7135,1048.0
386.778,1088.0
386.8426,1007.0
386.9072,1120.0
386.9718,1033.0
387.0364,1090.0
387.101,1026.0
387.1655,1089.0
387.2301,1020.0
387.2946,1110.0
387.3593,1031.0
387.4238,1123.0
387.4884,1070.0
387.5529,1120.0
387.6175,1029.0
387.682,1115.0
387.7466,1045.0
387.8111,1157.0
387.8756,1012.0
387.9402,1126.0
388.0047,1015.0
388.0692,1080.0
388.1337,1044.0
388.1982,1126.0
388.2628,1007.0
388.3272,1123.0
388.3918,1078.0
388.4563,1094.0
388.5208,1013.0
388.5852,1111.0
388.6497,1029.0
388.7142,1071.0
388.7787,1013.0
388.8432,1088.0
388.9077,1051.0
388.9721,1080.0
389.0366,973.0
389.1011,1122.0
389.1655,1006.0
389.23,1051.0
389.2944,1048.0
389.3589,1100.0
389.4233,1049.0
389.4878,1147.0
389.5522,1029.0
389.6167,1174.0
389.6811,1060.0
389.7455,1144.0
389.8099,1019.0
389.8744,1098.0
389.9388,1121.0
390.0032,1218.0
390.0676,1108.0
390.132,1109.0
390.1964,1077.0
390.2608,1178.0
390.3252,1039.0
390.3896,1062.0
390.454,1066.0
390.5184,1130.0
390.5827,1069.0
390.6471,1149.0
390.7115,1121.0
390.7759,1173.0
390.8402,1085.0
390.9046,1188.0
390.9689,1006.0
391.0333,1144.0
391.0977,1092.0
391.162,1170.0
391.2264,1082.0
391.2907,1161.0
391.355,1090.0
391.4193,1134.0
391.4837,1069.0
391.548,1187.0
391.6123,1076.0
391.6767,1173.0
391.741,1081.0
391.8053,1232.0
391.8696,1055.0
391.9339,1198.0
391.9982,1124.0
392.0625,1200.0
392.1268,1144.0
392.1911,1195.0
392.2553,1091.0
392.3196,1174.0
392.3839,1132.0
392.4482,1198.0
392.5125,1111.0
392.5767,1195.0
392.641,1173.0
392.7053,1186.0
392.7695,1115.0
392.8338,1275.0
392.898,1175.0
392.9622,1222.0
393.0265,1141.0
393.0908,1227.0
393.155,1161.0
393.2192,1263.0
393.2834,1193.0
393.3477,1280.0
393.4118,1199.0
393.476,1276.0
393.5403,1169.0
393.6045,1320.0
393.6687,1216.0
393.7329,1349.0
393.7971,1316.0
393.8613,1482.0
393.9255,1462.0
393.9897,1604.0
394.0539,1760.0
394.118,2026.0
394.1822,2355.0
394.2464,3305.0
394.3105,4518.0
394.3747,5330.0
394.4389,4497.0
394.503,3583.0
394.5672,2788.0
394.6313,2389.0
394.6954,2061.0
394.7596,1906.0
394.8238,1719.0
394.8879,1702.0
394.952,1554.0
395.0161,1588.0
395.0803,1495.0
395.1444,1527.0
395.2085,1399.0
395.2726,1553.0
395.3367,1500.0
395.4008,1515.0
395.4649,1509.0
395.529,1567.0
395.5931,1556.0
395.6572,1794.0
395.7213,1779.0
395.7854,2102.0
395.8495,2527.0
395.9135,3006.0
395.9776,3885.0
396.0417,5407.0
396.1057,6501.0
396.1698,6593.0
396.2339,5533.0
396.2979,4408.0
396.362,3535.0
396.426,2924.0
396.4901,2486.0
396.5541,2262.0
396.6181,2100.0
396.6821,1941.0
396.7462,1796.0
396.8102,1707.0
396.8743,1635.0
396.9383,1676.0
397.0023,1520.0
397.0662,1536.0
397.1302,1403.0
397.1943,1437.0
397.2583,1362.0
397.3223,1430.0
397.3862,1384.0
397.4502,1435.0
397.5142,1288.0
397.5782,1391.0
397.6422,1289.0
397.7061,1334.0
397.7701,1285.0
397.8341,1294.0
397.898,1265.0
397.962,1390.0
398.0259,1231.0
398.0899,1288.0
398.1538,1273.0
398.2178,1324.0
398.2817,1205.0
398.3456,1339.0
398.4096,1208.0
398.4735,1284.0
398.5374,1180.0
398.6013,1306.0
398.6653,1221.0
398.7292,1230.0
398.7931,1194.0
398.857,1246.0
398.9209,1205.0
398.9848,1220.0
399.0487,1225.0
399.1125,1285.0
399.1765,1209.0
399.2404,1272.0
399.3042,1216.0
399.3681,1296.0
399.432,1202.0
399.4958,1322.0
399.5597,1184.0
399.6236,1324.0
399.6875,1202.0
399.7513,1237.0
399.8152,1251.0
399.879,1294.0
399.9428,1192.0
400.0067,1273.0
400.0705,1218.0
400.1343,1265.0
400.1982,1183.0
400.262,1292.0
400.3258,1176.0
400.3896,1285.0
400.4534,1172.0
400.5172,1251.0
400.581,1142.0
400.6448,1286.0
400.7086,1142.0
400.7724,1254.0
400.8362,1161.0
400.9,1241.0
400.9638,1183.0
401.0276,1289.0
401.0913,1211.0
401.1551,1270.0
401.2189,1212.0
401.2826,1295.0
401.3464,1162.0
401.4102,1285.0
401.4739,1143.0
401.5376,1202.0
401.6014,1181.0
401.6651,1237.0
401.7289,1150.0
401.7926,1257.0
401.8564,1155.0
401.92,1216.0
401.9838,1208.0
402.0475,1225.0
402.1112,1202.0
402.175,1247.0
402.2386,1144.0
402.3023,1216.0
402.366,1138.0
402.4297,1255.0
402.4934,1177.0
402.5571,1242.0
402.6208,1194.0
402.6845,1243.0
402.7482,1127.0
402.8118,1290.0
402.8755,1159.0
402.9392,1251.0
403.0028,1171.0
403.0665,1245.0
403.1301,1179.0
403.1938,1267.0
403.2574,1233.0
403.3211,1301.0
403.3847,1170.0
403.4484,1237.0
403.512,1177.0
403.5756,1272.0
403.6393,1186.0
403.7029,1213.0
403.7665,1234.0
403.8301,1248.0
403.8937,1194.0
403.9573,1263.0
404.0209,1170.0
404.0845,1285.0
404.1481,1182.0
404.2117,1275.0
404.2753,1171.0
404.3389,1307.0
404.4024,1194.0
404.466,1253.0
404.5296,1211.0
404.5932,1339.0
404.6567,1191.0
404.7203,1293.0
404.7838,1170.0
404.8474,1247.0
404.9109,1167.0
404.9745,1261.0
405.0381,1180.0
405.1016,1255.0
405.1651,1181.0
405.2286,1317.0
405.2922,1176.0
405.3557,1306.0
405.4193,1161.0
405.4828,1276.0
405.5462,1202.0
405.6097,1254.0
405.6733,1145.0
405.7368,1318.0
405.8003,1126.0
405.8638,1257.0
405.9272,1211.0
405.9907,1250.0
406.0542,1157.0
406.1177,1241.0
406.1812,1134.0
406.2446,1303.0
406.3081,1129.0
406.3716,1264.0
406.435,1152.0
406.4985,1155.0
406.562,1159.0
406.6254,1266.0
406.6888,1192.0
406.7523,1304.0
406.8157,1151.0
406.8791,1247.0
406.9426,1215.0
407.006,1288.0
407.0694,1198.0
407.1328,1311.0
407.1962,1207.0
407.2597,1267.0
407.3231,1238.0
407.3865,1327.0
407.4499,1203.0
407.5133,1301.0
407.5767,1287.0
407.64,1297.0
407.7034,1211.0
407.7668,1325.0
407.8302,1200.0
407.8936,1301.0
407.9569,1268.0
408.0203,1305.0
408.0836,1208.0
408.147,1272.0
408.2104,1242.0
408.2737,1336.0
408.3371,1220.0
408.4004,1308.0
408.4637,1202.0
408.5271,1279.0
408.5905,1240.0
408.6537,1294.0
408.7171,1198.0
408.7804,1315.0
408.8437,1255.0
408.907,1292.0
408.9703,1275.0
409.0336,1309.0
409.0969,1277.0
409.1602,1261.0
409.2235,1286.0
409.2868,1305.0
409.3501,1226.0
409.4134,1250.0
409.4767,1226.0
409.5399,1319.0
409.6032,1232.0
409.6665,1319.0
409.7297,1243.0
409.793,1365.0
409.8563,1205.0
409.9195,1320.0
409.9827,1247.0
410.046,1315.0
410.1092,1258.0
410.1725,1316.0
410.2357,1230.0
410.299,1305.0
410.3622,1223.0
410.4254,1333.0
410.4886,1242.0
410.5518,1253.0
410.615,1212.0
410.6782,1327.0
410.7414,1248.0
410.8046,1355.0
410.8678,1188.0
410.931,1294.0
410.9942,1261.0
411.0574,1274.0
411.1205,1231.0
411.1837,1306.0
411.2469,1181.0
411.3101,1308.0
411.3733,1225.0
411.4364,1277.0
411.4995,1217.0
411.5627,1244.0
411.6259,1206.0
411.689,1244.0
411.7521,1232.0
411.8153,1280.0
411.8784,1236.0
411.9415,1321.0
412.0046,1206.0
412.0678,1282.0
412.1309,1150.0
412.194,1260.0
412.2571,1220.0
412.3203,1253.0
412.3833,1149.0
412.4464,1261.0
412.5096,1214.0
412.5727,1236.0
412.6357,1176.0
412.6988,1272.0
412.7619,1216.0
412.825,1299.0
412.8881,1186.0
412.9511,1258.0
413.0142,1220.0
413.0772,1206.0
413.1403,1171.0
413.2033,1273.0
413.2664,1159.0
413.3294,1194.0
413.3925,1149.0
413.4555,1233.0
413.5186,1132.0
413.5816,1293.0
413.6446,1145.0
413.7076,1272.0
413.7707,1134.0
413.8337,1198.0
413.8967,1160.0
413.9597,1250.0
414.0227,1198.0
414.0857,1277.0
414.1487,1147.0
414.2117,1184.0
414.2747,1105.0
414.3376,1237.0
414.4006,1220.0
414.4636,1315.0
414.5266,1194.0
414.5896,1254.0
414.6525,1146.0
414.7155,1278.0
414.7784,1151.0
414.8414,1261.0
414.9044,1197.0
414.9673,1307.0
415.0303,1179.0
415.0932,1271.0
415.1561,1212.0
415.2191,1244.0
415.282,1167.0
415.3449,1303.0
415.4079,1127.0
415.4708,1210.0
415.5336,1154.0
415.5966,1253.0
415.6595,1159.0
415.7224,1289.0
415.7853,1107.0
415.8482,1285.0
415.9111,1188.0
415.9739,1253.0
416.0368,1210.0
416.0997,1215.0
416.1626,1194.0
416.2255,1228.0
416.2883,1196.0
416.3512,1295.0
416.414,1177.0
416.4769,1289.0
416.5397,1160.0
416.6026,1236.0
416.6654,1119.0
416.7283,1248.0
416.7911,1180.0
416.8539,1258.0
416.9167,1186.0
416.9796,1225.0
417.0424,1126.0
417.1052,1268.0
417.168,1205.0
417.2308,1261.0
417.2936,1174.0
417.3564,1281.0
417.4193,1156.0
417.4821,1204.0
417.5448,1160.0
417.6076,1265.0
417.6704,1204.0
417.7332,1294.0
417.796,1194.0
417.8587,1234.0
417.9215,1208.0
417.9842,1250.0
418.047,1169.0
418.1098,1219.0
418.1725,1191.0
418.2353,1222.0
418.298,1077.0
418.3607,1218.0
418.4235,1103.0
418.4862,1277.0
418.549,1163.0
418.6117,1272.0
418.6744,1153.0
418.7371,1239.0
418.7998,1142.0
418.8625,1209.0
418.9252,1098.0
418.9879,1218.0
419.0507,1123.0
419.1133,1145.0
419.176,1124.0
419.2387,1257.0
419.3014,1157.0
419.3641,1223.0
419.4268,1152.0
419.4894,1180.0
419.5521,1150.0
419.6147,1312.0
419.6774,1145.0
419.7401,1214.0
419.8027,1106.0
419.8654,1199.0
419.928,1138.0
419.9906,1192.0
420.0533,1175.0
420.1159,1231.0
420.1785,1137.0
420.2411,1207.0
420.3038,1106.0
420.3664,1167.0
420.429,1113.0
420.4916,1220.0
420.5542,1121.0
420.6168,1277.0
420.6794,1147.0
420.742,1168.0
420.8046,1150.0
420.8672,1178.0
420.9297,1146.0
420.9923,1239.0
421.0549,1102.0
421.1175,1187.0
421.18,1089.0
421.2426,1213.0
421.3052,1051.0
421.3677,1161.0
421.4303,1107.0
421.4928,1194.0
421.5554,1086.0
421.6179,1135.0
421.6804,1090.0
421.743,1125.0
421.8055,1117.0
421.868,1189.0
421.9305,1057.0
421.993,1175.0
422.0556,1080.0
422.1181,1162.0
422.1806,1052.0
422.2431,1174.0
422.3055,1085.0
422.368,1194.0
422.4305,1095.0
422.493,1146.0
422.5555,1057.0
422.618,1176.0
422.6805,1091.0
422.7429,1167.0
422.8054,1085.0
422.8679,1118.0
422.9303,1076.0
422.9928,1191.0
423.0552,1091.0
423.1177,1168.0
423.1801,1085.0
423.2425,1188.0
423.305,1059.0
423.3674,1161.0
423.4298,1122.0
423.4922,1180.0
423.5547,1120.0
423.617,1185.0
423.6795,1060.0
423.7419,1197.0
423.8043,1102.0
423.8667,1188.0
423.9291,1136.0
423.9915,1184.0
424.0538,1138.0
424.1163,1161.0
424.1786,1050.0
424.241,1186.0
424.3034,1104.0
424.3658,1249.0
424.4281,1122.0
424.4905,1203.0
424.5529,1161.0
424.6152,1208.0
424.6775,1112.0
424.7399,1223.0
424.8022,1165.0
424.8646,1220.0
424.9269,1154.0
424.9892,1240.0
425.0515,1163.0
425.1139,1218.0
425.1762,1136.0
425.2385,1211.0
425.3008,1106.0
425.3631,1205.0
425.4254,1137.0
425.4877,1210.0
425.55,1113.0
425.6123,1211.0
425.6746,1162.0
425.7369,1228.0
425.7992,1143.0
425.8614,1176.0
425.9237,1119.0
425.9859,1217.0
426.0482,1152.0
426.1105,1181.0
426.1727,1078.0
426.235,1223.0
426.2972,1078.0
426.3595,1178.0
426.4217,1124.0
426.4839,1219.0
426.5462,1131.0
426.6084,1219.0
426.6706,1107.0
426.7328,1250.0
426.795,1161.0
426.8573,1203.0
426.9195,1071.0
426.9817,1181.0
427.0439,1107.0
427.1061,1202.0
427.1683,1123.0
427.2305,1157.0
427.2927,1116.0
427.3549,1165.0
427.417,1107.0
427.4792,1173.0
427.5413,1096.0
427.6035,1220.0
427.6657,1128.0
427.7278,1155.0
427.79,1108.0
427.8521,1210.0
427.9142,1082.0
427.9764,1176.0
428.0386,1107.0
428.1007,1178.0
428.1628,1121.0
428.2249,1207.0
428.287,1078.0
428.3492,1191.0
428.4113,1071.0
428.4734,1230.0
428.5355,1109.0
428.5976,1165.0
428.6597,1117.0
428.7218,1153.0
428.7839,1081.0
428.846,1150.0
428.9081,1126.0
428.9702,1136.0
429.0322,1046.0
429.0943,1164.0
429.1563,1087.0
429.2184,1145.0
429.2805,1150.0
429.3425,1175.0
429.4046,1086.0
429.4666,1115.0
429.5287,1082.0
429.5908,1183.0
429.6528,1035.0
429.7148,1173.0
429.7768,1015.0
429.8388,1071.0
429.9008,1069.0
429.9629,1165.0
430.0249,1068.0
430.0869,1195.0
430.1489,1059.0
430.2109,1120.0
430.2729,992.0
430.3349,1134.0
430.3969,1063.0
430.4589,1185.0
430.5208,1116.0
430.5828,1108.0
430.6448,1041.0
430.7068,1135.0
430.7688,1084.0
430.8307,1114.0
430.8926,1098.0
430.9546,1174.0
431.0165,995.0
431.0785,1116.0
431.1404,1031.0
431.2024,1155.0
431.2643,1099.0
431.3262,1161.0
431.3881,1048.0
431.4501,1097.0
431.512,1045.0
431.5739,1159.0
431.6358,988.0
431.6977,1090.0
431.7596,1056.0
431.8215,1102.0
431.8834,1017.0
431.9453,1132.0
432.0072,1079.0
432.0691,1136.0
432.131,983.0
432.1928,1108.0
432.2547,1026.0
432.3165,1137.0
432.3784,1002.0
432.4403,1089.0
432.5021,1014.0
432.564,1139.0
432.6258,1048.0
432.6876,1149.0
432.7495,1008.0
432.8113,1081.0
432.8732,1003.0
432.935,1108.0
432.9968,1010.0
433.0586,1104.0
433.1204,1016.0
433.1823,1125.0
433.2441,1016.0
433.3059,1119.0
433.3677,1046.0
433.4295,1090.0
433.4912,1048.0
433.5531,1132.0
433.6148,1025.0
433.6766,1137.0
433.7384,1017.0
433.8001,1132.0
433.8619,988.0
433.9237,1138.0
433.9854,1014.0
434.0472,1128.0
434.1089,1024.0
434.1707,1082.0
434.2324,1037.0
434.2942,1115.0
434.3559,1004.0
434.4177,1168.0
434.4794,1047.0
434.5411,1100.0
434.6028,1031.0
434.6645,1076.0
434.7263,1072.0
434.788,1161.0
434.8497,1104.0
434.9113,1145.0
434.973,1004.0
435.0347,1158.0
435.0965,1022.0
435.1581,1154.0
435.2198,1046.0
435.2815,1088.0
435.3431,1045.0
435.4048,1143.0
435.4665,1025.0
435.5282,1091.0
435.5898,1034.0
435.6515,1100.0
435.7131,1069.0
435.7747,1154.0
435.8363,979.0
435.898,1127.0
435.9597,1036.0
436.0213,1116.0
436.0829,1023.0
436.1445,1169.0
436.2061,1027.0
436.2678,1090.0
436.3294,1038.0
436.391,1169.0
436.4525,1096.0
436.5141,1109.0
436.5757,1059.0
436.6373,1117.0
436.6989,1060.0
436.7605,1122.0
436.8221,1018.0
436.8836,1073.0
436.9452,1034.0
437.0067,1122.0
437.0684,1025.0
437.1299,1079.0
437.1914,1040.0
437.253,1157.0
437.3145,1077.0
437.3761,1140.0
437.4376,1019.0
437.4992,1146.0
437.5607,1056.0
437.6222,1110.0
437.6837,1016.0
437.7452,1089.0
437.8067,1013.0
437.8683,1096.0
437.9298,1065.0
437.9913,1170.0
438.0528,1050.0
438.1143,1098.0
438.1757,1040.0
438.2372,1110.0
438.2987,1071.0
438.3602,1127.0
438.4217,1079.0
438.4831,1110.0
438.5446,1029.0
438.6061,1139.0
438.6675,977.0
438.729,1087.0
438.7904,993.0
438.8519,1080.0
438.9133,1031.0
438.9747,1162.0
439.0362,1037.0
439.0976,1146.0
439.159,1036.0
439.2204,1151.0
439.2819,1019.0
439.3433,1104.0
439.4047,1033.0
439.4661,1132.0
439.5275,1077.0
439.5889,1131.0
439.6503,1074.0
439.7116,1120.0
439.7731,1086.0
439.8345,1194.0
439.8958,1045.0
439.9572,1163.0
440.0186,1036.0
440.0799,1133.0
440.1413,1101.0
440.2027,1142.0
440.264,1059.0
440.3253,1140.0
440.3867,1102.0
440.448,1118.0
440.5093,1069.0
440.5707,1221.0
440.632,1058.0
440.6934,1163.0
440.7546,1057.0
440.816,1188.0
440.8773,1062.0
440.9386,1161.0
440.9999,1109.0
441.0612,1206.0
441.1225,1094.0
441.1838,1127.0
441.2451,1094.0
441.3063,1130.0
441.3677,1105.0
441.429,1163.0
441.4902,1029.0
441.5515,1161.0
441.6127,1085.0
441.674,1158.0
441.7353,1127.0
441.7965,1118.0
441.8578,1050.0
441.919,1156.0
441.9802,1127.0
442.0414,1193.0
442.1027,1091.0
442.164,1181.0
442.2252,1098.0
442.2864,1155.0
442.3476,1074.0
442.4088,1159.0
442.47,1136.0
442.5312,1189.0
442.5924,1099.0
442.6536,1155.0
442.7148,1105.0
442.776,1134.0
442.8372,1116.0
442.8984,1179.0
442.9596,1089.0
443.0207,1188.0
443.0819,1089.0
443.143,1156.0
443.2042,1119.0
443.2653,1200.0
443.3265,1062.0
443.3877,1196.0
443.4488,1092.0
443.5099,1217.0
443.5711,1096.0
443.6322,1127.0
443.6934,1120.0
443.7545,1222.0
443.8156,1116.0
443.8767,1216.0
443.9378,1107.0
443.9989,1148.0
444.0601,1095.0
444.1212,1166.0
444.1822,1172.0
444.2433,1253.0
444.3044,1160.0
444.3654,1243.0
444.4265,1109.0
444.4877,1186.0
444.5487,1160.0
444.6098,1230.0
444.6708,1125.0
444.7319,1176.0
444.7929,1091.0
444.854,1216.0
444.915,1115.0
444.9761,1216.0
445.0371,1154.0
445.0981,1173.0
445.1592,1116.0
445.2203,1163.0
445.2812,1090.0
445.3423,1187.0
445.4033,1100.0
445.4643,1214.0
445.5253,1131.0
445.5862,1201.0
445.6473,1105.0
445.7083,1156.0
445.7693,1119.0
445.8303,1181.0
445.8912,1080.0
445.9522,1120.0
446.0132,1108.0
446.0742,1087.0
446.1352,1134.0
446.1961,1146.0
446.257,1084.0
446.318,1144.0
446.379,1061.0
446.4399,1133.0
446.5009,1099.0
446.5618,1138.0
446.6227,1068.0
446.6836,1132.0
446.7446,1000.0
446.8055,1119.0
446.8664,1071.0
446.9273,1174.0
446.9883,1060.0
447.0491,1088.0
447.11,1037.0
447.171,1111.0
447.2319,959.0
447.2927,1160.0
447.3536,1058.0
447.4145,1132.0
447.4753,1089.0
447.5363,1137.0
447.5971,1040.0
447.658,1141.0
447.7188,1036.0
447.7797,1130.0
447.8405,996.0
447.9014,1100.0
447.9623,978.0
448.0231,1084.0
448.0839,997.0
448.1447,1108.0
448.2056,1024.0
448.2664,1121.0
448.3272,1072.0
448.3881,1104.0
448.4489,1060.0
448.5096,1136.0
448.5705,1056.0
448.6312,1110.0
448.6921,1034.0
448.7529,1124.0
448.8137,994.0
448.8744,1132.0
448.9352,999.0
448.9959,1111.0
449.0567,1030.0
449.1175,1193.0
449.1783,1066.0
449.239,1107.0
449.2998,1003.0
449.3605,1111.0
449.4213,986.0
449.4821,1113.0
449.5428,1019.0
449.6035,1087.0
449.6642,1003.0
449.725,1063.0
449.7857,1022.0
449.8464,1107.0
449.9071,1055.0
449.9679,1137.0
450.0285,1073.0
450.0892,1107.0
450.1499,1023.0
450.2106,1081.0
450.2714,1028.0
450.332,1106.0
450.3927,977.0
450.4534,1153.0
450.514,1034.0
450.5747,1130.0
450.6354,1065.0
450.696,1122.0
450.7567,1018.0
450.8174,1125.0
450.878,1067.0
450.9386,1106.0
450.9993,1069.0
451.0599,1131.0
451.1206,1074.0
451.1812,1135.0
451.2418,1051.0
451.3024,1084.0
451.363,1021.0
451.4236,1147.0
451.4843,1061.0
451.5449,1195.0
451.6054,1132.0
451.666,1218.0
451.7267,1087.0
451.7873,1142.0
451.8478,1075.0
451.9084,1212.0
451.969,1107.0
452.0295,1167.0
452.0901,1119.0
452.1507,1179.0
452.2113,1050.0
452.2718,1195.0
452.3324,1083.0
452.3929,1215.0
452.4534,1103.0
452.5139,1213.0
452.5745,1107.0
452.635,1217.0
452.6956,1149.0
452.7561,1187.0
452.8166,1162.0
452.8771,1261.0
452.9377,1168.0
452.9981,1252.0
453.0586,1155.0
453.1191,1265.0
453.1796,1170.0
453.2401,1244.0
453.3006,1178.0
453.3611,1247.0
453.4216,1160.0
453.4821,1267.0
453.5425,1182.0
453.6029,1239.0
453.6634,1215.0
453.7239,1246.0
453.7844,1175.0
453.8448,1285.0
453.9052,1183.0
453.9656,1329.0
454.0261,1119.0
454.0866,1279.0
454.147,1152.0
454.2074,1259.0
454.2678,1156.0
454.3282,1273.0
454.3886,1213.0
454.449,1254.0
454.5095,1197.0
454.5699,1280.0
454.6302,1172.0
454.6906,1274.0
454.751,1171.0
454.8114,1262.0
454.8718,1234.0
454.9322,1272.0
454.9925,1119.0
455.0529,1203.0
455.1133,1135.0
455.1736,1185.0
455.234,1202.0
455.2943,1237.0
455.3547,1181.0
455.415,1227.0
455.4753,1142.0
455.5357,1227.0
455.5959,1108.0
455.6563,1226.0
455.7167,1037.0
455.777,1261.0
455.8373,1175.0
455.8976,1190.0
455.9579,1133.0
456.0182,1152.0
456.0785,1116.0
456.1388,1165.0
456.1991,1103.0
456.2593,1208.0
456.3196,1066.0
456.3799,1134.0
456.4402,1100.0
456.5005,1181.0
456.5607,1082.0
456.621,1161.0
456.6812,1139.0
456.7414,1118.0
456.8018,1168.0
456.862,1173.0
456.9222,1068.0
456.9825,1159.0
457.0426,1065.0
457.1028,1130.0
457.1631,1062.0
457.2234,1128.0
457.2835,1067.0
457.3438,1124.0
457.404,1001.0
457.4641,1087.0
457.5244,1052.0
457.5846,1131.0
457.6447,1032.0
457.7049,1090.0
457.7651,1075.0
457.8253,1100.0
457.8854,1031.0
457.9456,1126.0
458.0058,1001.0
458.0659,1163.0
458.1261,1050.0
458.1862,1101.0
458.2464,1017.0
458.3066,1136.0
458.3667,1007.0
458.4268,1113.0
458.4869,1066.0
458.5471,762.0
458.6072,606.0
458.6674,697.0
458.7274,590.0
458.7876,675.0
458.8477,639.0
458.9077,689.0
458.9679,616.0
459.0279,689.0
459.0881,655.0
459.1481,711.0
459.2082,578.0
459.2683,714.0
459.3283,626.0
459.3884,687.0
459.4485,587.0
459.5086,671.0
459.5686,609.0
459.6287,685.0
459.6887,601.0
459.7487,739.0
459.8088,673.0
459.8688,694.0
459.9289,640.0
459.9889,716.0
460.0489,659.0
460.1089,734.0
460.1689,665.0
460.229,708.0
460.289,576.0
