Laser settings:
	Diode frequency:	5 Hz
	Pulses fired:		105
	Q-Switch blanking:	5
	Q-Switch delay:		201 μs
	Q-Switch presync:	1 μs
Spectrometer settings:
	Integration time:	0.0300 ms
	Integration delay:	0.000 ns
	Averaging:		1
	Trigger mode:		External
	Dynamic Dark Correction:		Disabled


wavelength,intensity
184.9409,648.0
185.0142,576.0
185.0875,611.0
185.1608,614.0
185.2341,692.0
185.3074,598.0
185.3807,712.0
185.454,637.0
185.5273,703.0
185.6006,624.0
185.6739,659.0
185.7472,604.0
185.8205,696.0
185.8938,631.0
185.9671,708.0
186.0403,611.0
186.1136,694.0
186.1869,590.0
186.2601,675.0
186.3334,570.0
186.4067,719.0
186.4799,583.0
186.5532,701.0
186.6265,595.0
186.6997,661.0
186.773,605.0
186.8462,675.0
186.9195,630.0
186.9928,645.0
187.066,602.0
187.1392,670.0
187.2125,595.0
187.2857,705.0
187.3589,708.0
187.4322,751.0
187.5054,679.0
187.5786,667.0
187.6519,684.0
187.7251,806.0
187.7983,761.0
187.8715,851.0
187.9447,783.0
188.018,850.0
188.0912,731.0
188.1644,800.0
188.2376,703.0
188.3108,745.0
188.384,655.0
188.4572,759.0
188.5304,708.0
188.6036,763.0
188.6768,730.0
188.75,771.0
188.8232,709.0
188.8963,752.0
188.9695,733.0
189.0427,775.0
189.1159,717.0
189.1891,788.0
189.2623,748.0
189.3354,778.0
189.4086,749.0
189.4818,824.0
189.5549,774.0
189.6281,888.0
189.7012,843.0
189.7744,916.0
189.8476,818.0
189.9207,857.0
189.9939,876.0
190.067,911.0
190.1402,894.0
190.2133,919.0
190.2864,830.0
190.3596,936.0
190.4327,849.0
190.5059,1009.0
190.579,1025.0
190.6521,1093.0
190.7253,1018.0
190.7984,1186.0
190.8715,1220.0
190.9446,1252.0
191.0177,1174.0
191.0908,1211.0
191.164,1011.0
191.2371,1026.0
191.3102,900.0
191.3833,1029.0
191.4564,865.0
191.5295,965.0
191.6026,735.0
191.6757,842.0
191.7488,772.0
191.8219,856.0
191.895,798.0
191.968,869.0
192.0411,797.0
192.1142,860.0
192.1873,746.0
192.2604,871.0
192.3334,776.0
192.4065,924.0
192.4796,810.0
192.5527,873.0
192.6257,823.0
192.6988,892.0
192.7718,888.0
192.8449,915.0
192.918,876.0
192.991,921.0
193.064,916.0
193.1371,970.0
193.2101,929.0
193.2832,980.0
193.3562,978.0
193.4292,1116.0
193.5023,1167.0
193.5753,1290.0
193.6484,1182.0
193.7214,1153.0
193.7944,1068.0
193.8674,1137.0
193.9405,1135.0
194.0135,1277.0
194.0865,1294.0
194.1595,1586.0
194.2325,1336.0
194.3055,1473.0
194.3785,1294.0
194.4515,1363.0
194.5246,1367.0
194.5975,1462.0
194.6705,1416.0
194.7435,1581.0
194.8165,1579.0
194.8895,1895.0
194.9625,1787.0
195.0355,1638.0
195.1085,1460.0
195.1815,1411.0
195.2544,1237.0
195.3274,1221.0
195.4004,1133.0
195.4734,1148.0
195.5463,1037.0
195.6193,1246.0
195.6923,1144.0
195.7652,1150.0
195.8382,1054.0
195.9111,1064.0
195.9841,951.0
196.057,1136.0
196.13,1029.0
196.2029,1079.0
196.2759,1024.0
196.3488,1013.0
196.4218,970.0
196.4947,1004.0
196.5676,1017.0
196.6406,1046.0
196.7135,932.0
196.7864,1055.0
196.8593,992.0
196.9323,1078.0
197.0052,1117.0
197.0781,1114.0
197.151,1011.0
197.2239,1052.0
197.2969,1003.0
197.3697,1096.0
197.4427,1051.0
197.5156,1047.0
197.5885,954.0
197.6614,969.0
197.7343,858.0
197.8072,1023.0
197.88,911.0
197.9529,1003.0
198.0258,850.0
198.0987,955.0
198.1716,903.0
198.2445,895.0
198.3173,915.0
198.3902,905.0
198.4631,901.0
198.5359,985.0
198.6088,865.0
198.6817,1021.0
198.7545,906.0
198.8274,918.0
198.9003,878.0
198.9731,932.0
199.046,832.0
199.1188,979.0
199.1917,893.0
199.2645,897.0
199.3373,818.0
199.4102,922.0
199.483,845.0
199.5559,906.0
199.6287,870.0
199.7015,919.0
199.7744,875.0
199.8472,942.0
199.92,811.0
199.9928,901.0
200.0656,813.0
200.1385,869.0
200.2113,851.0
200.2841,871.0
200.3569,832.0
200.4297,932.0
200.5025,832.0
200.5753,945.0
200.6481,905.0
200.7209,998.0
200.7937,930.0
200.8665,1022.0
200.9393,974.0
201.0121,1040.0
201.0848,1027.0
201.1576,1087.0
201.2304,963.0
201.3032,1013.0
201.3759,950.0
201.4487,939.0
201.5215,847.0
201.5943,969.0
201.667,860.0
201.7398,941.0
201.8125,829.0
201.8853,901.0
201.958,846.0
202.0308,1016.0
202.1035,936.0
202.1763,1082.0
202.249,974.0
202.3218,1033.0
202.3945,880.0
202.4673,1028.0
202.54,931.0
202.6127,953.0
202.6855,830.0
202.7582,942.0
202.8309,812.0
202.9036,949.0
202.9764,826.0
203.0491,927.0
203.1218,865.0
203.1945,940.0
203.2672,908.0
203.3399,961.0
203.4126,867.0
203.4853,950.0
203.558,900.0
203.6307,966.0
203.7034,902.0
203.7761,1015.0
203.8488,985.0
203.9215,978.0
203.9942,977.0
204.0669,1085.0
204.1395,1057.0
204.2122,1182.0
204.2849,1025.0
204.3576,1090.0
204.4302,918.0
204.5029,1032.0
204.5756,1015.0
204.6482,1096.0
204.7209,963.0
204.7935,1081.0
204.8662,1092.0
204.9389,1227.0
205.0115,1176.0
205.0842,1361.0
205.1568,1190.0
205.2294,1202.0
205.3021,1183.0
205.3747,1356.0
205.4474,1412.0
205.52,1551.0
205.5926,1317.0
205.6653,1483.0
205.7379,1412.0
205.8105,1396.0
205.8831,1327.0
205.9557,1328.0
206.0284,1259.0
206.101,1198.0
206.1736,1170.0
206.2462,1249.0
206.3188,1284.0
206.3914,1333.0
206.464,1379.0
206.5366,1579.0
206.6092,1674.0
206.6818,2062.0
206.7544,2190.0
206.827,2141.0
206.8996,1701.0
206.9721,1513.0
207.0447,1241.0
207.1173,1307.0
207.1899,1182.0
207.2625,1232.0
207.335,1084.0
207.4076,1166.0
207.4802,1051.0
207.5527,1103.0
207.6253,1016.0
207.6978,1050.0
207.7704,1045.0
207.843,1041.0
207.9155,973.0
207.9881,1064.0
208.0606,965.0
208.1331,1016.0
208.2057,968.0
208.2782,1026.0
208.3508,1002.0
208.4233,1048.0
208.4958,1028.0
208.5684,1056.0
208.6409,931.0
208.7134,1025.0
208.7859,952.0
208.8584,1114.0
208.931,964.0
209.0035,1027.0
209.076,912.0
209.1485,1076.0
209.221,985.0
209.2935,1094.0
209.366,1089.0
209.4385,1170.0
209.511,1136.0
209.5835,1242.0
209.656,1311.0
209.7285,1490.0
209.801,1463.0
209.8735,1636.0
209.9459,1545.0
210.0184,1671.0
210.0909,1653.0
210.1634,1761.0
210.2358,1796.0
210.3083,2014.0
210.3808,1927.0
210.4532,1726.0
210.5257,1394.0
210.5982,1436.0
210.6706,1213.0
210.7431,1275.0
210.8155,1109.0
210.888,1177.0
210.9604,1002.0
211.0329,1100.0
211.1053,933.0
211.1777,1068.0
211.2502,986.0
211.3226,989.0
211.3951,954.0
211.4675,1068.0
211.5399,976.0
211.6123,1087.0
211.6847,994.0
211.7572,1035.0
211.8296,944.0
211.902,1044.0
211.9744,941.0
212.0468,1057.0
212.1192,935.0
212.1917,992.0
212.264,936.0
212.3364,974.0
212.4088,966.0
212.4812,995.0
212.5536,994.0
212.626,1086.0
212.6984,923.0
212.7708,1029.0
212.8432,909.0
212.9155,1031.0
212.9879,965.0
213.0603,973.0
213.1326,970.0
213.205,1050.0
213.2774,953.0
213.3498,1040.0
213.4221,1004.0
213.4945,1081.0
213.5668,973.0
213.6392,1090.0
213.7115,1024.0
213.7839,1062.0
213.8562,1082.0
213.9286,1070.0
214.0009,981.0
214.0732,1012.0
214.1456,1035.0
214.2179,1003.0
214.2903,979.0
214.3626,1056.0
214.4349,988.0
214.5072,991.0
214.5796,923.0
214.6519,983.0
214.7242,926.0
214.7965,1024.0
214.8688,907.0
214.9411,1001.0
215.0134,965.0
215.0857,1035.0
215.158,1022.0
215.2303,1125.0
215.3026,1234.0
215.3749,1368.0
215.4472,1555.0
215.5195,1833.0
215.5918,1752.0
215.6641,1829.0
215.7363,1642.0
215.8086,1825.0
215.8809,2140.0
215.9532,2488.0
216.0254,2064.0
216.0977,1563.0
216.17,1380.0
216.2422,1584.0
216.3145,1634.0
216.3867,1496.0
216.459,1227.0
216.5313,1192.0
216.6035,1118.0
216.6758,1227.0
216.748,1140.0
216.8202,1131.0
216.8925,1154.0
216.9647,1253.0
217.037,1149.0
217.1092,1148.0
217.1814,1063.0
217.2536,1217.0
217.3259,1132.0
217.3981,1282.0
217.4703,1146.0
217.5425,1137.0
217.6147,1190.0
217.687,1296.0
217.7592,1319.0
217.8314,1359.0
217.9035,1266.0
217.9758,1335.0
218.048,1312.0
218.1201,1261.0
218.1924,1245.0
218.2645,1247.0
218.3367,1175.0
218.4089,1278.0
218.4811,1234.0
218.5533,1402.0
218.6255,1429.0
218.6976,1645.0
218.7698,1685.0
218.842,1735.0
218.9142,1523.0
218.9863,1594.0
219.0585,1508.0
219.1306,1478.0
219.2028,1315.0
219.2749,1309.0
219.3471,1217.0
219.4193,1266.0
219.4914,1169.0
219.5636,1227.0
219.6357,1192.0
219.7078,1304.0
219.78,1245.0
219.8521,1440.0
219.9242,1445.0
219.9964,1556.0
220.0685,1486.0
220.1406,1470.0
220.2128,1344.0
220.2849,1272.0
220.357,1224.0
220.4291,1265.0
220.5012,1173.0
220.5733,1204.0
220.6454,1200.0
220.7175,1214.0
220.7896,1154.0
220.8617,1246.0
220.9338,1152.0
221.0059,1226.0
221.078,1195.0
221.1501,1233.0
221.2222,1181.0
221.2943,1198.0
221.3663,1073.0
221.4384,1179.0
221.5105,1134.0
221.5826,1146.0
221.6546,1053.0
221.7267,1096.0
221.7988,1103.0
221.8708,1153.0
221.9429,1097.0
222.015,1166.0
222.087,1082.0
222.1591,1151.0
222.2311,1130.0
222.3032,1244.0
222.3752,1149.0
222.4473,1309.0
222.5193,1353.0
222.5913,1595.0
222.6634,1710.0
222.7354,2166.0
222.8074,1996.0
222.8795,1778.0
222.9515,1911.0
223.0235,1977.0
223.0955,2327.0
223.1675,2404.0
223.2395,1645.0
223.3116,1405.0
223.3836,1218.0
223.4556,1319.0
223.5276,1282.0
223.5996,1446.0
223.6716,1400.0
223.7436,1585.0
223.8156,1595.0
223.8876,1741.0
223.9595,1605.0
224.0315,1488.0
224.1035,1390.0
224.1755,1353.0
224.2475,1304.0
224.3195,1328.0
224.3914,1320.0
224.4634,1343.0
224.5354,1234.0
224.6073,1338.0
224.6793,1302.0
224.7512,1440.0
224.8232,1427.0
224.8952,1665.0
224.9671,1609.0
225.0391,1737.0
225.111,1692.0
225.1829,1651.0
225.2549,1512.0
225.3268,1600.0
225.3988,1482.0
225.4707,1482.0
225.5426,1263.0
225.6146,1352.0
225.6865,1312.0
225.7584,1383.0
225.8303,1367.0
225.9022,1613.0
225.9742,1818.0
226.0461,2160.0
226.118,2749.0
226.1899,2909.0
226.2618,2002.0
226.3337,1549.0
226.4056,1350.0
226.4775,1412.0
226.5494,1374.0
226.6213,1377.0
226.6932,1446.0
226.7651,1749.0
226.8369,1986.0
226.9088,2455.0
226.9807,2486.0
227.0526,1833.0
227.1245,1360.0
227.1963,1353.0
227.2682,1209.0
227.3401,1307.0
227.4119,1208.0
227.4838,1238.0
227.5556,1154.0
227.6275,1264.0
227.6993,1175.0
227.7712,1256.0
227.8431,1169.0
227.9149,1183.0
227.9867,1136.0
228.0586,1221.0
228.1304,1116.0
228.2023,1184.0
228.2741,1129.0
228.3459,1268.0
228.4177,1156.0
228.4896,1286.0
228.5614,1172.0
228.6332,1316.0
228.705,1224.0
228.7768,1252.0
228.8486,1135.0
228.9205,1216.0
228.9923,1178.0
229.0641,1188.0
229.1359,1102.0
229.2077,1247.0
229.2794,1194.0
229.3513,1253.0
229.423,1206.0
229.4948,1299.0
229.5666,1211.0
229.6384,1263.0
229.7102,1184.0
229.782,1247.0
229.8537,1207.0
229.9255,1271.0
229.9973,1203.0
230.069,1324.0
230.1408,1179.0
230.2126,1295.0
230.2843,1193.0
230.3561,1331.0
230.4278,1164.0
230.4996,1211.0
230.5713,1177.0
230.6431,1228.0
230.7148,1173.0
230.7866,1202.0
230.8583,1141.0
230.93,1220.0
231.0018,1190.0
231.0735,1254.0
231.1452,1161.0
231.2169,1266.0
231.2887,1188.0
231.3604,1327.0
231.4321,1287.0
231.5038,1320.0
231.5755,1255.0
231.6472,1308.0
231.7189,1255.0
231.7906,1307.0
231.8624,1254.0
231.9341,1343.0
232.0057,1312.0
232.0774,1361.0
232.1491,1309.0
232.2208,1419.0
232.2925,1365.0
232.3642,1468.0
232.4359,1442.0
232.5075,1626.0
232.5792,1559.0
232.6509,1660.0
232.7225,1802.0
232.7942,1851.0
232.8659,1937.0
232.9375,2297.0
233.0092,2666.0
233.0809,3179.0
233.1525,3639.0
233.2242,3696.0
233.2958,3032.0
233.3675,2943.0
233.4391,3065.0
233.5107,3031.0
233.5824,2688.0
233.654,2608.0
233.7256,2777.0
233.7973,3440.0
233.8689,3819.0
233.9405,4010.0
234.0121,3310.0
234.0838,2824.0
234.1554,2668.0
234.227,2761.0
234.2986,2679.0
234.3702,2679.0
234.4418,2938.0
234.5134,3504.0
234.585,4254.0
234.6566,5149.0
234.7282,5073.0
234.7998,3913.0
234.8714,2864.0
234.943,2447.0
235.0146,2214.0
235.0862,2220.0
235.1577,1896.0
235.2293,1846.0
235.3009,1689.0
235.3725,1863.0
235.444,1888.0
235.5156,1872.0
235.5872,1713.0
235.6587,1764.0
235.7303,1649.0
235.8018,1744.0
235.8734,1624.0
235.9449,1648.0
236.0165,1628.0
236.088,1652.0
236.1596,1642.0
236.2311,1656.0
236.3026,1706.0
236.3742,1672.0
236.4457,1626.0
236.5172,1717.0
236.5887,1596.0
236.6603,1635.0
236.7318,1648.0
236.8033,1791.0
236.8748,1698.0
236.9464,1768.0
237.0179,1821.0
237.0894,2046.0
237.1609,2029.0
237.2324,2367.0
237.3039,2674.0
237.3754,3306.0
237.4469,3759.0
237.5184,4110.0
237.5898,3615.0
237.6613,2739.0
237.7328,2161.0
237.8043,2047.0
237.8758,1865.0
237.9472,1905.0
238.0187,1689.0
238.0902,1720.0
238.1617,1627.0
238.2331,1634.0
238.3046,1602.0
238.376,1640.0
238.4475,1502.0
238.519,1539.0
238.5904,1533.0
238.6618,1475.0
238.7333,1458.0
238.8047,1553.0
238.8762,1475.0
238.9476,1568.0
239.0191,1479.0
239.0905,1527.0
239.1619,1434.0
239.2334,1547.0
239.3048,1484.0
239.3762,1583.0
239.4476,1477.0
239.519,1531.0
239.5904,1461.0
239.6619,1554.0
239.7333,1509.0
239.8047,1588.0
239.8761,1501.0
239.9475,1656.0
240.0189,1579.0
240.0903,1750.0
240.1617,1702.0
240.233,1818.0
240.3044,1714.0
240.3758,1807.0
240.4472,1735.0
240.5186,1769.0
240.59,1765.0
240.6613,1967.0
240.7327,1909.0
240.8041,2155.0
240.8754,2236.0
240.9468,2422.0
241.0181,2713.0
241.0895,3376.0
241.1609,3913.0
241.2322,4880.0
241.3036,6001.0
241.3749,6938.0
241.4462,6984.0
241.5176,5222.0
241.5889,3704.0
241.6602,2852.0
241.7316,2481.0
241.8029,2298.0
241.8743,1983.0
241.9456,1966.0
242.0169,1758.0
242.0882,1784.0
242.1595,1733.0
242.2309,1671.0
242.3022,1651.0
242.3735,1741.0
242.4448,1628.0
242.5161,1604.0
242.5874,1533.0
242.6587,1591.0
242.73,1496.0
242.8013,1466.0
242.8726,1402.0
242.9438,1536.0
243.0151,1443.0
243.0864,1476.0
243.1577,1385.0
243.229,1491.0
243.3002,1452.0
243.3715,1545.0
243.4428,1368.0
243.5141,1472.0
243.5853,1443.0
243.6566,1488.0
243.7278,1416.0
243.7991,1526.0
243.8703,1552.0
243.9416,1675.0
244.0128,1816.0
244.0841,1904.0
244.1553,1559.0
244.2266,1636.0
244.2978,1463.0
244.369,1516.0
244.4402,1398.0
244.5115,1427.0
244.5827,1366.0
244.6539,1509.0
244.7251,1438.0
244.7964,1519.0
244.8676,1583.0
244.9388,1755.0
245.01,1740.0
245.0812,2103.0
245.1524,1793.0
245.2236,1595.0
245.2948,1427.0
245.366,1442.0
245.4372,1351.0
245.5084,1392.0
245.5796,1357.0
245.6507,1347.0
245.7219,1327.0
245.7931,1459.0
245.8643,1348.0
245.9355,1408.0
246.0066,1345.0
246.0778,1443.0
246.149,1345.0
246.2201,1464.0
246.2913,1314.0
246.3624,1422.0
246.4336,1341.0
246.5047,1382.0
246.5759,1328.0
246.647,1359.0
246.7182,1245.0
246.7893,1384.0
246.8605,1371.0
246.9316,1380.0
247.0027,1259.0
247.0739,1412.0
247.145,1332.0
247.2161,1367.0
247.2872,1300.0
247.3584,1401.0
247.4295,1340.0
247.5006,1440.0
247.5717,1353.0
247.6428,1448.0
247.7139,1374.0
247.785,1446.0
247.8561,1370.0
247.9272,1448.0
247.9983,1314.0
248.0694,1443.0
248.1405,1409.0
248.2116,1449.0
248.2827,1416.0
248.3537,1431.0
248.4248,1363.0
248.4959,1410.0
248.5669,1364.0
248.638,1412.0
248.7091,1331.0
248.7802,1495.0
248.8512,1387.0
248.9223,1542.0
248.9933,1412.0
249.0644,1415.0
249.1354,1463.0
249.2065,1535.0
249.2775,1445.0
249.3486,1492.0
249.4196,1409.0
249.4906,1509.0
249.5617,1515.0
249.6327,1658.0
249.7037,1510.0
249.7747,1676.0
249.8458,1624.0
249.9168,1725.0
249.9878,1645.0
250.0588,1705.0
250.1298,1644.0
250.2009,1740.0
250.2719,1750.0
250.3429,1732.0
250.4138,1636.0
250.4849,1814.0
250.5558,1752.0
250.6268,1803.0
250.6978,1866.0
250.7688,1968.0
250.8398,1945.0
250.9108,2124.0
250.9818,2265.0
251.0527,2347.0
251.1237,2628.0
251.1947,2960.0
251.2657,3360.0
251.3366,3960.0
251.4076,4885.0
251.4785,6160.0
251.5495,7146.0
251.6205,8118.0
251.6914,7014.0
251.7623,5274.0
251.8333,4040.0
251.9042,3379.0
251.9752,2935.0
252.0461,2907.0
252.1171,2635.0
252.188,2760.0
252.2589,2827.0
252.3298,3311.0
252.4008,3809.0
252.4717,4709.0
252.5426,5794.0
252.6135,6977.0
252.6844,6875.0
252.7553,7338.0
252.8262,7156.0
252.8971,5803.0
252.9681,4698.0
253.039,4423.0
253.1098,4097.0
253.1808,4444.0
253.2516,3485.0
253.3225,3199.0
253.3934,3181.0
253.4643,3758.0
253.5352,3970.0
253.606,3960.0
253.6769,3671.0
253.7478,3652.0
253.8187,4051.0
253.8895,4615.0
253.9604,5238.0
254.0312,5969.0
254.1021,4690.0
254.173,3747.0
254.2438,3037.0
254.3147,2643.0
254.3855,2410.0
254.4563,2291.0
254.5272,2155.0
254.598,2280.0
254.6689,2193.0
254.7397,2217.0
254.8105,2145.0
254.8813,2041.0
254.9522,2026.0
255.023,2004.0
255.0938,1858.0
255.1646,2014.0
255.2354,1970.0
255.3062,2129.0
255.3771,1944.0
255.4479,2327.0
255.5187,2313.0
255.5894,2777.0
255.6603,2926.0
255.731,2654.0
255.8018,2619.0
255.8726,2798.0
255.9434,3094.0
256.0142,3425.0
256.085,4127.0
256.1558,5045.0
256.2265,5941.0
256.2973,7221.0
256.3681,8018.0
256.4388,7579.0
256.5096,6964.0
256.5804,6606.0
256.6511,5596.0
256.7219,5175.0
256.7926,4729.0
256.8634,3960.0
256.9341,3301.0
257.0049,2990.0
257.0756,3091.0
257.1463,3114.0
257.2171,2598.0
257.2878,2512.0
257.3585,2421.0
257.4292,2483.0
257.5,2467.0
257.5707,2569.0
257.6414,2730.0
257.7122,2668.0
257.7828,2331.0
257.8535,2421.0
257.9243,2340.0
257.995,2673.0
258.0657,2570.0
258.1364,2347.0
258.2071,1988.0
258.2777,1908.0
258.3484,1636.0
258.4191,1595.0
258.4898,1573.0
258.5605,1576.0
258.6312,1480.0
258.7018,1596.0
258.7725,1491.0
258.8432,1464.0
258.9139,1456.0
258.9845,1518.0
259.0552,1516.0
259.1259,1591.0
259.1965,1558.0
259.2672,1708.0
259.3378,1605.0
259.4085,1580.0
259.4791,1503.0
259.5497,1453.0
259.6204,1480.0
259.691,1632.0
259.7617,1434.0
259.8323,1557.0
259.9029,1476.0
259.9735,1632.0
260.0442,1494.0
260.1147,1483.0
260.1854,1420.0
260.256,1462.0
260.3267,1412.0
260.3972,1603.0
260.4678,1479.0
260.5384,1590.0
260.6091,1463.0
260.6796,1564.0
260.7502,1443.0
260.8208,1527.0
260.8914,1413.0
260.962,1469.0
261.0326,1520.0
261.1032,1583.0
261.1737,1647.0
261.2444,1528.0
261.3149,1432.0
261.3854,1398.0
261.456,1291.0
261.5266,1469.0
261.5971,1312.0
261.6677,1416.0
261.7383,1363.0
261.8088,1375.0
261.8794,1320.0
261.9499,1428.0
262.0205,1362.0
262.091,1437.0
262.1615,1307.0
262.2321,1488.0
262.3026,1450.0
262.3731,1503.0
262.4437,1406.0
262.5142,1461.0
262.5847,1336.0
262.6552,1481.0
262.7257,1345.0
262.7962,1547.0
262.8668,1484.0
262.9373,1550.0
263.0078,1512.0
263.0783,1578.0
263.1488,1585.0
263.2193,1724.0
263.2898,1645.0
263.3603,1648.0
263.4307,1479.0
263.5012,1708.0
263.5717,1686.0
263.6422,1794.0
263.7127,1756.0
263.7831,1889.0
263.8536,1828.0
263.9241,2003.0
263.9945,1965.0
264.065,2116.0
264.1354,2144.0
264.2059,2164.0
264.2764,2255.0
264.3468,2316.0
264.4173,2286.0
264.4877,2460.0
264.5581,2332.0
264.6286,2705.0
264.699,2576.0
264.7694,2395.0
264.8399,1976.0
264.9103,1898.0
264.9807,1868.0
265.0511,1774.0
265.1216,1637.0
265.192,1710.0
265.2625,1491.0
265.3328,1572.0
265.4032,1461.0
265.4736,1488.0
265.5441,1483.0
265.6144,1535.0
265.6848,1388.0
265.7552,1466.0
265.8256,1332.0
265.896,1399.0
265.9664,1249.0
266.0368,1348.0
266.1071,1307.0
266.1775,1268.0
266.2479,1271.0
266.3183,1200.0
266.3886,1262.0
266.459,1349.0
266.5294,1176.0
266.5998,1337.0
266.6701,1180.0
266.7404,1277.0
266.8108,1294.0
266.8812,1306.0
266.9515,1260.0
267.0219,1392.0
267.0922,1220.0
267.1625,1281.0
267.2328,1235.0
267.3032,1334.0
267.3735,1208.0
267.4438,1312.0
267.5142,1252.0
267.5845,1339.0
267.6548,1259.0
267.7251,1430.0
267.7954,1260.0
267.8657,1336.0
267.936,1349.0
268.0063,1493.0
268.0766,1451.0
268.1469,1468.0
268.2172,1358.0
268.2875,1370.0
268.3578,1252.0
268.4281,1333.0
268.4984,1210.0
268.5686,1261.0
268.6389,1173.0
268.7092,1246.0
268.7794,1232.0
268.8498,1301.0
268.92,1302.0
268.9902,1380.0
269.0605,1313.0
269.1308,1396.0
269.201,1320.0
269.2713,1353.0
269.3415,1276.0
269.4118,1372.0
269.482,1360.0
269.5523,1462.0
269.6225,1388.0
269.6927,1558.0
269.7629,1572.0
269.8332,1778.0
269.9034,1831.0
269.9736,1916.0
270.0439,1739.0
270.114,1778.0
270.1843,1703.0
270.2545,1727.0
270.3247,1686.0
270.3949,1535.0
270.4651,1459.0
270.5353,1447.0
270.6055,1363.0
270.6757,1393.0
270.7459,1387.0
270.8161,1367.0
270.8863,1251.0
270.9564,1311.0
271.0266,1226.0
271.0968,1281.0
271.167,1171.0
271.2371,1301.0
271.3073,1293.0
271.3775,1381.0
271.4476,1314.0
271.5178,1439.0
271.588,1366.0
271.6581,1586.0
271.7282,1504.0
271.7984,1575.0
271.8685,1443.0
271.9387,1499.0
272.0088,1359.0
272.0789,1410.0
272.1491,1319.0
272.2192,1417.0
272.2893,1275.0
272.3595,1295.0
272.4296,1293.0
272.4997,1423.0
272.5698,1406.0
272.64,1489.0
272.7101,1339.0
272.7802,1348.0
272.8503,1315.0
272.9204,1445.0
272.9904,1456.0
273.0605,1585.0
273.1306,1680.0
273.2007,1787.0
273.2708,1688.0
273.3409,1782.0
273.411,1578.0
273.481,1588.0
273.5511,1499.0
273.6212,1586.0
273.6913,1479.0
273.7614,1537.0
273.8314,1554.0
273.9015,1671.0
273.9715,1663.0
274.0416,1703.0
274.1116,1730.0
274.1817,1835.0
274.2517,1927.0
274.3217,2045.0
274.3918,1909.0
274.4619,1953.0
274.5319,1911.0
274.602,2081.0
274.6719,2346.0
274.742,2436.0
274.812,2410.0
274.882,2237.0
274.952,2242.0
275.0221,2463.0
275.0921,2570.0
275.1621,2995.0
275.2321,3160.0
275.3021,3053.0
275.3721,2751.0
275.4421,2499.0
275.5121,2109.0
275.5821,2186.0
275.6521,1998.0
275.722,2095.0
275.792,2103.0
275.862,2160.0
275.932,2033.0
276.002,1965.0
276.0719,1905.0
276.1418,2023.0
276.2119,2040.0
276.2818,1924.0
276.3517,1828.0
276.4218,1976.0
276.4917,2049.0
276.5616,1954.0
276.6316,1688.0
276.7015,1750.0
276.7715,1496.0
276.8414,1600.0
276.9113,1455.0
276.9813,1528.0
277.0512,1427.0
277.1211,1514.0
277.191,1430.0
277.261,1485.0
277.3309,1410.0
277.4008,1565.0
277.4707,1493.0
277.5406,1625.0
277.6105,1530.0
277.6804,1589.0
277.7503,1462.0
277.8202,1554.0
277.8901,1596.0
277.96,1739.0
278.0299,1674.0
278.0998,1741.0
278.1697,1691.0
278.2396,1700.0
278.3094,1713.0
278.3793,1763.0
278.4492,1670.0
278.519,1759.0
278.5889,1780.0
278.6588,1962.0
278.7286,1893.0
278.7985,1997.0
278.8683,1867.0
278.9382,2036.0
279.0081,1823.0
279.0779,1812.0
279.1477,1688.0
279.2176,1779.0
279.2874,1724.0
279.3572,1791.0
279.4271,1662.0
279.4969,1802.0
279.5667,1815.0
279.6365,2030.0
279.7063,1979.0
279.7762,2037.0
279.846,1903.0
279.9158,2147.0
279.9856,2189.0
280.0554,2489.0
280.1252,2592.0
280.195,2619.0
280.2648,2637.0
280.3346,2638.0
280.4044,2786.0
280.4742,3270.0
280.544,3533.0
280.6137,3476.0
280.6835,3111.0
280.7533,2875.0
280.8231,2815.0
280.8928,2944.0
280.9626,3174.0
281.0323,3837.0
281.1021,3963.0
281.1719,3531.0
281.2416,2914.0
281.3114,2657.0
281.3811,2386.0
281.4509,2435.0
281.5206,2439.0
281.5904,2657.0
281.6601,2868.0
281.7299,3425.0
281.7996,3971.0
281.8693,4317.0
281.939,3758.0
282.0088,3512.0
282.0784,3196.0
282.1482,2965.0
282.2179,2682.0
282.2876,2565.0
282.3573,2436.0
282.427,2524.0
282.4967,2582.0
282.5664,2813.0
282.6361,3288.0
282.7058,4002.0
282.7755,4804.0
282.8452,5945.0
282.9149,5734.0
282.9845,5130.0
283.0542,4313.0
283.1239,3940.0
283.1936,4048.0
283.2632,3977.0
283.3329,2997.0
283.4026,2962.0
283.4722,2820.0
283.5419,2752.0
283.6115,2614.0
283.6812,2796.0
283.7508,2697.0
283.8205,2666.0
283.8901,2474.0
283.9597,2765.0
284.0294,3052.0
284.099,3306.0
284.1686,3927.0
284.2383,3971.0
284.3079,2710.0
284.3775,2382.0
284.4471,2271.0
284.5168,2297.0
284.5864,2415.0
284.656,2789.0
284.7256,2581.0
284.7952,2435.0
284.8648,2322.0
284.9344,2329.0
285.004,2394.0
285.0736,2762.0
285.1432,2959.0
285.2128,2599.0
285.2823,2330.0
285.3519,2587.0
285.4215,2637.0
285.4911,2727.0
285.5606,2817.0
285.6302,3391.0
285.6998,3449.0
285.7693,3424.0
285.8389,3467.0
285.9084,3234.0
285.978,3031.0
286.0475,3176.0
286.1171,3514.0
286.1866,4045.0
286.2562,4531.0
286.3257,3919.0
286.3952,3208.0
286.4648,2975.0
286.5343,2666.0
286.6039,2639.0
286.6733,2413.0
286.7429,2670.0
286.8124,2859.0
286.8819,3555.0
286.9514,3437.0
287.0209,3410.0
287.0904,3329.0
287.1599,3129.0
287.2294,2901.0
287.299,2994.0
287.3684,2747.0
287.4379,3036.0
287.5074,3208.0
287.5769,3828.0
287.6464,4019.0
287.7159,4657.0
287.7853,5276.0
287.8548,3934.0
287.9243,2982.0
287.9937,2711.0
288.0632,2518.0
288.1327,2604.0
288.2021,2605.0
288.2716,3131.0
288.341,3659.0
288.4105,5113.0
288.4799,4532.0
288.5493,3222.0
288.6188,2701.0
288.6882,2603.0
288.7577,2652.0
288.8271,3148.0
288.8965,3697.0
288.9659,3678.0
289.0354,3533.0
289.1048,3864.0
289.1742,3128.0
289.2436,2546.0
289.313,2339.0
289.3824,2198.0
289.4518,1972.0
289.5212,2060.0
289.5906,1831.0
289.66,1977.0
289.7294,1873.0
289.7988,1938.0
289.8682,1904.0
289.9376,1959.0
290.007,1864.0
290.0764,1910.0
290.1457,1919.0
290.2151,1988.0
290.2844,2001.0
290.3538,2178.0
290.4232,2165.0
290.4925,2241.0
290.5619,2398.0
290.6312,2862.0
290.7006,3277.0
290.7699,3248.0
290.8393,3096.0
290.9086,3045.0
290.978,3009.0
291.0473,2820.0
291.1166,2650.0
291.1859,2902.0
291.2553,2926.0
291.3246,2850.0
291.3939,2806.0
291.4632,2897.0
291.5325,2933.0
291.6018,3069.0
291.6712,2743.0
291.7405,2707.0
291.8098,2540.0
291.8791,2494.0
291.9484,2414.0
292.0176,2443.0
292.0869,2451.0
292.1562,2544.0
292.2255,2459.0
292.2948,2617.0
292.3641,2637.0
292.4334,2775.0
292.5026,2614.0
292.5719,2779.0
292.6412,2792.0
292.7104,3076.0
292.7797,3137.0
292.8489,3607.0
292.9182,3439.0
292.9875,3348.0
293.0567,3276.0
293.1259,3848.0
293.1952,3557.0
293.2644,3397.0
293.3336,3110.0
293.4029,3018.0
293.4721,2938.0
293.5413,3228.0
293.6106,3550.0
293.6798,3821.0
293.749,3783.0
293.8182,3921.0
293.8875,4118.0
293.9566,4143.0
294.0259,3964.0
294.0951,4081.0
294.1642,4496.0
294.2334,5233.0
294.3026,4957.0
294.3718,4740.0
294.441,4472.0
294.5102,4590.0
294.5794,4924.0
294.6485,4636.0
294.7177,4142.0
294.7869,3730.0
294.8561,3489.0
294.9253,3128.0
294.9944,2636.0
295.0636,2781.0
295.1327,2683.0
295.2019,2824.0
295.271,2916.0
295.3402,3216.0
295.4093,3568.0
295.4785,4471.0
295.5476,4474.0
295.6168,4660.0
295.6859,4216.0
295.755,3994.0
295.8241,3887.0
295.8932,4275.0
295.9623,4282.0
296.0315,3932.0
296.1006,3475.0
296.1697,3127.0
296.2388,2787.0
296.3079,2669.0
296.377,2498.0
296.4461,2477.0
296.5152,2413.0
296.5843,2579.0
296.6534,2264.0
296.7225,2455.0
296.7916,2258.0
296.8606,2292.0
296.9297,2163.0
296.9988,2180.0
297.0679,2133.0
297.137,2203.0
297.206,2168.0
297.2751,2271.0
297.3441,2064.0
297.4132,2180.0
297.4823,2151.0
297.5513,2240.0
297.6204,2303.0
297.6894,2534.0
297.7584,2592.0
297.8275,2877.0
297.8965,2906.0
297.9655,3137.0
298.0346,2955.0
298.1036,3330.0
298.1726,3446.0
298.2417,4057.0
298.3106,4462.0
298.3797,5275.0
298.4487,5999.0
298.5177,5577.0
298.5867,4102.0
298.6557,3267.0
298.7247,2755.0
298.7937,2541.0
298.8627,2368.0
298.9317,2315.0
299.0007,2271.0
299.0696,2335.0
299.1386,2096.0
299.2076,2026.0
299.2766,1875.0
299.3456,1925.0
299.4145,1891.0
299.4835,1866.0
299.5524,1865.0
299.6214,1955.0
299.6903,1768.0
299.7593,1877.0
299.8282,1711.0
299.8972,1826.0
299.9661,1725.0
300.0351,1880.0
300.104,1762.0
300.173,1739.0
300.2419,1633.0
300.3108,1704.0
300.3797,1620.0
300.4487,1767.0
300.5176,1593.0
300.5865,1628.0
300.6554,1620.0
300.7243,1726.0
300.7932,1611.0
300.8621,1746.0
300.931,1658.0
300.9999,1718.0
301.0688,1623.0
301.1377,1691.0
301.2066,1645.0
301.2755,1791.0
301.3444,1715.0
301.4132,1881.0
301.4821,1935.0
301.551,2288.0
301.6199,2551.0
301.6887,3661.0
301.7576,4238.0
301.8265,3057.0
301.8953,2392.0
301.9642,2109.0
302.033,1898.0
302.1019,2039.0
302.1707,2036.0
302.2396,2264.0
302.3084,2420.0
302.3772,2573.0
302.4461,2535.0
302.5149,2394.0
302.5837,2186.0
302.6526,2214.0
302.7214,2188.0
302.7902,2375.0
302.859,2503.0
302.9278,3175.0
302.9966,4099.0
303.0654,3184.0
303.1342,2369.0
303.203,2125.0
303.2718,1869.0
303.3406,1921.0
303.4094,1798.0
303.4781,1832.0
303.547,1748.0
303.6158,1824.0
303.6845,1850.0
303.7533,1905.0
303.8221,1908.0
303.8908,2114.0
303.9596,1992.0
304.0284,1985.0
304.0971,1988.0
304.1659,2062.0
304.2346,2161.0
304.3034,2310.0
304.3721,2438.0
304.4409,2716.0
304.5096,2895.0
304.5784,3096.0
304.6471,3597.0
304.7158,3549.0
304.7845,2838.0
304.8533,2839.0
304.922,2592.0
304.9907,2402.0
305.0594,2202.0
305.1281,2285.0
305.1969,2193.0
305.2656,2278.0
305.3343,2419.0
305.403,2591.0
305.4717,2682.0
305.5403,3054.0
305.609,3409.0
305.6778,4729.0
305.7464,5111.0
305.8151,6277.0
305.8838,5123.0
305.9525,4654.0
306.0211,4074.0
306.0898,3485.0
306.1585,3222.0
306.2271,3305.0
306.2958,3557.0
306.3645,4177.0
306.4331,4530.0
306.5017,5143.0
306.5704,6778.0
306.6391,8462.0
306.7077,5880.0
306.7763,4339.0
306.845,3721.0
306.9136,3973.0
306.9822,4211.0
307.0508,5198.0
307.1195,6809.0
307.1881,8936.0
307.2567,10006.0
307.3253,9659.0
307.3939,7801.0
307.4625,8638.0
307.5312,9552.0
307.5998,7425.0
307.6684,6371.0
307.7369,6628.0
307.8055,8371.0
307.8741,9700.0
307.9427,6980.0
308.0113,5329.0
308.0799,4248.0
308.1484,4175.0
308.217,3860.0
308.2856,3902.0
308.3542,3940.0
308.4227,4126.0
308.4913,4395.0
308.5598,5220.0
308.6284,6151.0
308.6969,8116.0
308.7655,10507.0
308.834,10697.0
308.9026,9038.0
308.9711,7767.0
309.0396,5236.0
309.1082,4075.0
309.1767,3458.0
309.2452,3227.0
309.3138,2837.0
309.3823,2848.0
309.4508,2739.0
309.5193,2897.0
309.5878,3019.0
309.6563,3900.0
309.7249,4722.0
309.7933,3409.0
309.8618,2724.0
309.9303,2585.0
309.9988,2638.0
310.0673,2963.0
310.1358,3310.0
310.2043,3996.0
310.2728,4760.0
310.3412,6597.0
310.4097,7005.0
310.4781,6719.0
310.5466,6090.0
310.6151,6570.0
310.6836,4930.0
310.752,3664.0
310.8205,3233.0
310.8889,3297.0
310.9574,3263.0
311.0258,3559.0
311.0943,3400.0
311.1627,3212.0
311.2311,2956.0
311.2996,2685.0
311.368,2563.0
311.4364,2548.0
311.5049,2648.0
311.5733,2812.0
311.6417,3000.0
311.7101,3845.0
311.7785,4204.0
311.8469,3812.0
311.9153,3722.0
311.9837,4228.0
312.0521,3372.0
312.1205,2932.0
312.1889,2626.0
312.2573,2625.0
312.3257,2428.0
312.3941,2332.0
312.4624,2256.0
312.5308,2313.0
312.5992,2334.0
312.6675,2424.0
312.7359,2528.0
312.8043,2778.0
312.8727,2956.0
312.941,3167.0
313.0093,3090.0
313.0777,3476.0
313.1461,2975.0
313.2144,2662.0
313.2827,2279.0
313.3511,2247.0
313.4194,2056.0
313.4877,2047.0
313.5561,2027.0
313.6244,2077.0
313.6927,1961.0
313.761,1990.0
313.8294,1767.0
313.8977,1885.0
313.966,1802.0
314.0343,1990.0
314.1026,1973.0
314.1709,2267.0
314.2392,2122.0
314.3075,2415.0
314.3758,2711.0
314.4441,2560.0
314.5124,2243.0
314.5806,2347.0
314.6489,2119.0
314.7172,2411.0
314.7855,2892.0
314.8537,3027.0
314.922,2377.0
314.9903,2359.0
315.0585,2255.0
315.1268,2390.0
315.195,2973.0
315.2633,3746.0
315.3315,3161.0
315.3998,3459.0
315.468,3683.0
315.5362,3614.0
315.6045,3723.0
315.6727,3222.0
315.7409,2895.0
315.8092,2985.0
315.8774,3127.0
315.9456,3533.0
316.0138,4075.0
316.082,5587.0
316.1502,7948.0
316.2184,9331.0
316.2867,8748.0
316.3549,6687.0
316.423,5129.0
316.4912,4808.0
316.5594,4503.0
316.6276,4244.0
316.6958,4381.0
316.764,5366.0
316.8322,7628.0
316.9003,8101.0
316.9685,5770.0
317.0367,4500.0
317.1049,3591.0
317.173,3254.0
317.2411,2986.0
317.3093,2881.0
317.3774,2910.0
317.4456,3133.0
317.5137,2921.0
317.5819,2747.0
317.65,2482.0
317.7182,2535.0
317.7863,2432.0
317.8545,2516.0
317.9225,2441.0
317.9907,2435.0
318.0588,2463.0
318.1269,2602.0
318.195,2678.0
318.2631,2806.0
318.3312,2795.0
318.3994,2879.0
318.4675,2771.0
318.5355,3071.0
318.6036,3241.0
318.6717,3675.0
318.7398,3285.0
318.8079,3413.0
318.876,4015.0
318.9441,5512.0
319.0121,7895.0
319.0802,10318.0
319.1483,8664.0
319.2164,6557.0
319.2844,5112.0
319.3525,4673.0
319.4205,4385.0
319.4886,4636.0
319.5566,4560.0
319.6247,4392.0
319.6927,4118.0
319.7608,4014.0
319.8288,3786.0
319.8968,3938.0
319.9648,4430.0
320.0329,5091.0
320.1009,5409.0
320.1689,7035.0
320.237,9677.0
320.305,8195.0
320.373,5719.0
320.441,4458.0
320.509,3665.0
320.577,3566.0
320.645,3287.0
320.713,3217.0
320.781,3029.0
320.849,3002.0
320.917,2827.0
320.985,2951.0
321.0529,2866.0
321.1209,2974.0
321.1889,3181.0
321.2568,3581.0
321.3248,3821.0
321.3928,4503.0
321.4608,5367.0
321.5287,5318.0
321.5966,6228.0
321.6646,9082.0
321.7325,9493.0
321.8005,9409.0
321.8684,8327.0
321.9364,6164.0
322.0043,5329.0
322.0722,5586.0
322.1401,6270.0
322.2081,8375.0
322.276,10652.0
322.344,9258.0
322.4119,10297.0
322.4797,8477.0
322.5477,6647.0
322.6156,6790.0
322.6835,6993.0
322.7514,8184.0
322.8193,10948.0
322.8871,13645.0
322.955,12881.0
323.0229,9956.0
323.0908,9088.0
323.1588,10478.0
323.2266,12568.0
323.2945,13154.0
323.3623,14954.0
323.4302,16414.0
323.4981,16307.0
323.5659,16486.0
323.6338,16405.0
323.7016,15025.0
323.7695,13401.0
323.8373,14087.0
323.9052,15237.0
323.973,13850.0
324.0409,10766.0
324.1087,11308.0
324.1765,12567.0
324.2444,10292.0
324.3122,6773.0
324.38,5507.0
324.4479,4914.0
324.5157,4823.0
324.5834,5210.0
324.6512,6096.0
324.7191,7363.0
324.7869,10353.0
324.8547,12887.0
324.9225,10253.0
324.9903,7962.0
325.058,7783.0
325.1259,9556.0
325.1936,12037.0
325.2614,12464.0
325.3292,11269.0
325.397,10299.0
325.4647,7620.0
325.5325,5182.0
325.6002,4538.0
325.668,4074.0
325.7358,4321.0
325.8036,4526.0
325.8713,5179.0
325.939,6105.0
326.0068,7885.0
326.0745,10574.0
326.1422,13569.0
326.21,10583.0
326.2777,7184.0
326.3455,5508.0
326.4132,4637.0
326.4809,3676.0
326.5486,3351.0
326.6164,3106.0
326.6841,3060.0
326.7518,2956.0
326.8195,3190.0
326.8872,3357.0
326.9549,4079.0
327.0226,4496.0
327.0903,6470.0
327.158,9341.0
327.2256,7584.0
327.2933,4839.0
327.361,4118.0
327.4287,3847.0
327.4964,4360.0
327.5641,4582.0
327.6317,5607.0
327.6994,6661.0
327.767,8533.0
327.8347,10710.0
327.9023,9433.0
327.97,6595.0
328.0376,5372.0
328.1053,4884.0
328.1729,6455.0
328.2406,6792.0
328.3082,4647.0
328.3759,3874.0
328.4435,3812.0
328.5111,4277.0
328.5787,5280.0
328.6463,6785.0
328.7139,10559.0
328.7816,10994.0
328.8492,7656.0
328.9168,4696.0
328.9843,3680.0
329.052,2967.0
329.1196,2851.0
329.1872,2878.0
329.2548,2596.0
329.3224,2374.0
329.3899,2295.0
329.4575,2225.0
329.5251,2341.0
329.5927,2226.0
329.6602,2271.0
329.7278,2159.0
329.7953,2212.0
329.8629,2238.0
329.9305,2375.0
329.998,2161.0
330.0656,2177.0
330.1331,2170.0
330.2007,2321.0
330.2682,2169.0
330.3358,2182.0
330.4033,2092.0
330.4708,2253.0
330.5383,2332.0
330.6059,2464.0
330.6734,2673.0
330.7409,2856.0
330.8084,3326.0
330.876,4270.0
330.9435,3846.0
331.011,3088.0
331.0784,2626.0
331.1459,2589.0
331.2134,2661.0
331.2809,2965.0
331.3484,3114.0
331.4159,3959.0
331.4834,5138.0
331.5508,4848.0
331.6183,3642.0
331.6858,3523.0
331.7533,4363.0
331.8207,5087.0
331.8882,4222.0
331.9557,4455.0
332.0231,5009.0
332.0906,6991.0
332.1581,9115.0
332.2255,9567.0
332.2929,10977.0
332.3604,9044.0
332.4278,6317.0
332.4952,5057.0
332.5627,4767.0
332.6301,5568.0
332.6975,5922.0
332.7649,5540.0
332.8323,6116.0
332.8997,9113.0
332.9672,9896.0
333.0346,7741.0
333.102,7218.0
333.1694,9130.0
333.2368,7816.0
333.3042,5802.0
333.3716,5438.0
333.439,6647.0
333.5063,8881.0
333.5737,7414.0
333.6411,5675.0
333.7085,5161.0
333.7758,5505.0
333.8432,5924.0
333.9106,6665.0
333.9779,9475.0
334.0453,11780.0
334.1126,12946.0
334.18,12668.0
334.2473,10508.0
334.3147,8363.0
334.382,7668.0
334.4494,6815.0
334.5167,7062.0
334.584,7716.0
334.6514,10021.0
334.7187,11262.0
334.786,13679.0
334.8533,14887.0
334.9206,14396.0
334.9879,13872.0
335.0553,10915.0
335.1226,8339.0
335.1899,7335.0
335.2572,6196.0
335.3245,5600.0
335.3918,5243.0
335.459,5517.0
335.5263,4727.0
335.5936,4836.0
335.6609,4776.0
335.7282,5195.0
335.7954,5830.0
335.8627,6779.0
335.93,8064.0
335.9973,10754.0
336.0645,12563.0
336.1318,12557.0
336.199,9927.0
336.2662,7192.0
336.3335,5553.0
336.4008,4713.0
336.468,4396.0
336.5352,4351.0
336.6024,4672.0
336.6697,4268.0
336.7369,4056.0
336.8041,4228.0
336.8714,4627.0
336.9386,5362.0
337.0058,6180.0
337.073,7376.0
337.1402,9578.0
337.2074,11983.0
337.2746,11873.0
337.3418,9700.0
337.409,7008.0
337.4762,5447.0
337.5434,4467.0
337.6106,4094.0
337.6777,4062.0
337.7449,4612.0
337.8121,4463.0
337.8792,5129.0
337.9464,6699.0
338.0135,8377.0
338.0807,6502.0
338.1479,6395.0
338.2151,7220.0
338.2822,9647.0
338.3493,11216.0
338.4165,9373.0
338.4836,6523.0
338.5508,5660.0
338.6179,5187.0
338.6851,6060.0
338.7521,8002.0
338.8193,6309.0
338.8864,4344.0
338.9535,3309.0
339.0206,2928.0
339.0878,2869.0
339.1548,2774.0
339.222,3084.0
339.289,3474.0
339.3561,4668.0
339.4233,6392.0
339.4904,4909.0
339.5574,3088.0
339.6245,2459.0
339.6916,2186.0
339.7587,2166.0
339.8257,2020.0
339.8929,2030.0
339.9599,1923.0
340.0269,2107.0
340.094,1981.0
340.1611,2312.0
340.2281,2613.0
340.2952,2281.0
340.3622,2019.0
340.4293,1848.0
340.4963,1830.0
340.5633,1846.0
340.6304,1816.0
340.6974,2019.0
340.7645,1796.0
340.8315,1857.0
340.8985,1823.0
340.9655,2004.0
341.0325,1703.0
341.0995,1784.0
341.1665,1644.0
341.2335,1633.0
341.3005,1612.0
341.3675,1719.0
341.4345,1586.0
341.5015,1696.0
341.5685,1676.0
341.6355,1872.0
341.7025,1845.0
341.7694,1747.0
341.8364,1576.0
341.9034,1710.0
341.9704,1572.0
342.0373,1630.0
342.1043,1487.0
342.1712,1590.0
342.2382,1501.0
342.3051,1566.0
342.3721,1443.0
342.4391,1591.0
342.506,1445.0
342.5729,1504.0
342.6398,1523.0
342.7068,1541.0
342.7737,1503.0
342.8406,1572.0
342.9076,1460.0
342.9745,1563.0
343.0414,1500.0
343.1083,1577.0
343.1752,1510.0
343.2421,1608.0
343.309,1595.0
343.3759,1568.0
343.4428,1536.0
343.5097,1601.0
343.5766,1510.0
343.6434,1585.0
343.7104,1556.0
343.7772,1566.0
343.8441,1534.0
343.9109,1653.0
343.9778,1584.0
344.0447,1744.0
344.1116,1795.0
344.1784,2091.0
344.2453,2320.0
344.3121,2848.0
344.3789,4102.0
344.4458,4403.0
344.5127,2819.0
344.5795,2262.0
344.6463,1838.0
344.7131,1783.0
344.78,1657.0
344.8468,1729.0
344.9136,1647.0
344.9805,1821.0
345.0473,1873.0
345.1141,2238.0
345.1809,2714.0
345.2477,3007.0
345.3145,2380.0
345.3813,2402.0
345.4481,2417.0
345.5149,2981.0
345.5816,4269.0
345.6484,4248.0
345.7152,2995.0
345.782,2352.0
345.8488,2142.0
345.9155,2208.0
345.9823,2256.0
346.049,2787.0
346.1158,4126.0
346.1826,3695.0
346.2493,2532.0
346.3161,2212.0
346.3828,1919.0
346.4496,2031.0
346.5163,2231.0
346.5831,2074.0
346.6498,1780.0
346.7165,1729.0
346.7832,1597.0
346.85,1563.0
346.9167,1493.0
346.9834,1590.0
347.0501,1448.0
347.1168,1530.0
347.1835,1541.0
347.2502,1606.0
347.3169,1557.0
347.3836,1712.0
347.4503,1779.0
347.517,1946.0
347.5837,2149.0
347.6504,3228.0
347.717,3728.0
347.7837,2781.0
347.8504,2187.0
347.9171,1948.0
347.9837,1880.0
348.0504,2094.0
348.1171,1784.0
348.1837,1817.0
348.2504,1824.0
348.317,1956.0
348.3837,2071.0
348.4503,2140.0
348.5169,1948.0
348.5836,2064.0
348.6502,1900.0
348.7169,1957.0
348.7835,1960.0
348.8501,2114.0
348.9167,2370.0
348.9833,2696.0
349.0499,3514.0
349.1165,3580.0
349.1832,2681.0
349.2498,2551.0
349.3163,2296.0
349.3829,2183.0
349.4495,2018.0
349.5161,2046.0
349.5827,2007.0
349.6493,2018.0
349.7159,1833.0
349.7824,2055.0
349.849,2057.0
349.9156,2207.0
349.9821,2271.0
350.0487,2556.0
350.1153,2547.0
350.1818,3018.0
350.2484,3607.0
350.3149,4797.0
350.3814,6848.0
350.448,9315.0
350.5146,7035.0
350.5811,4885.0
350.6476,3514.0
350.7141,3422.0
350.7807,3327.0
350.8472,3837.0
350.9137,4538.0
350.9802,6353.0
351.0467,8275.0
351.1132,6015.0
351.1797,3844.0
351.2462,2875.0
351.3127,2308.0
351.3792,2129.0
351.4457,2003.0
351.5122,2006.0
351.5787,1903.0
351.6451,2026.0
351.7116,2056.0
351.7781,2189.0
351.8446,2409.0
351.911,3103.0
351.9775,4213.0
352.044,3814.0
352.1104,2606.0
352.1769,2162.0
352.2433,1921.0
352.3098,1848.0
352.3762,1719.0
352.4427,1793.0
352.5091,1633.0
352.5755,1634.0
352.642,1558.0
352.7084,1711.0
352.7748,1592.0
352.8412,1598.0
352.9077,1555.0
352.9741,1753.0
353.0405,1637.0
353.1068,1818.0
353.1732,1845.0
353.2396,2173.0
353.306,2420.0
353.3724,3044.0
353.4388,3911.0
353.5052,5516.0
353.5716,4206.0
353.638,3000.0
353.7043,2152.0
353.7707,1993.0
353.8371,1762.0
353.9034,1695.0
353.9698,1534.0
354.0362,1574.0
354.1025,1540.0
354.1689,1657.0
354.2352,1509.0
354.3016,1571.0
354.3679,1495.0
354.4342,1546.0
354.5005,1460.0
354.5669,1554.0
354.6332,1475.0
354.6996,1663.0
354.7659,1421.0
354.8322,1474.0
354.8985,1413.0
354.9648,1523.0
355.0311,1401.0
355.0974,1488.0
355.1637,1399.0
355.23,1508.0
355.2963,1377.0
355.3625,1492.0
355.4289,1352.0
355.4952,1439.0
355.5614,1388.0
355.6277,1480.0
355.694,1396.0
355.7603,1412.0
355.8265,1365.0
355.8928,1448.0
355.959,1372.0
356.0253,1582.0
356.0916,1522.0
356.1578,1696.0
356.224,1480.0
356.2903,1490.0
356.3565,1497.0
356.4228,1557.0
356.489,1664.0
356.5552,1950.0
356.6214,1611.0
356.6876,1570.0
356.7539,1414.0
356.8201,1544.0
356.8863,1455.0
356.9525,1541.0
357.0187,1515.0
357.0849,1603.0
357.1511,1584.0
357.2173,1639.0
357.2835,1826.0
357.3497,2227.0
357.4158,1727.0
357.482,1640.0
357.5482,1485.0
357.6144,1519.0
357.6805,1437.0
357.7467,1483.0
357.8128,1374.0
357.879,1422.0
357.9452,1341.0
358.0114,1420.0
358.0775,1409.0
358.1436,1377.0
358.2097,1275.0
358.2759,1412.0
358.342,1294.0
358.4082,1476.0
358.4743,1404.0
358.5404,1511.0
358.6065,1582.0
358.6726,1847.0
358.7387,1626.0
358.8049,1536.0
358.871,1447.0
358.9371,1489.0
359.0032,1317.0
359.0693,1467.0
359.1353,1338.0
359.2014,1501.0
359.2676,1554.0
359.3336,1664.0
359.3997,1661.0
359.4658,2009.0
359.5318,2692.0
359.5979,2699.0
359.664,1868.0
359.7301,1642.0
359.7961,1580.0
359.8622,1584.0
359.9282,1331.0
359.9943,1370.0
360.0603,1305.0
360.1264,1368.0
360.1924,1254.0
360.2585,1369.0
360.3244,1371.0
360.3905,1444.0
360.4565,1346.0
360.5225,1403.0
360.5885,1360.0
360.6546,1451.0
360.7206,1322.0
360.7866,1461.0
360.8526,1391.0
360.9185,1564.0
360.9846,1731.0
361.0506,1621.0
361.1165,1390.0
361.1825,1449.0
361.2485,1452.0
361.3145,1531.0
361.3805,1438.0
361.4465,1513.0
361.5124,1386.0
361.5784,1404.0
361.6443,1395.0
361.7103,1423.0
361.7762,1356.0
361.8422,1469.0
361.9082,1392.0
361.9741,1451.0
362.04,1403.0
362.106,1590.0
362.1719,1614.0
362.2379,1702.0
362.3038,1887.0
362.3697,2537.0
362.4356,3269.0
362.5015,2801.0
362.5675,2013.0
362.6334,1737.0
362.6993,1570.0
362.7652,1514.0
362.8311,1400.0
362.8969,1466.0
362.9629,1362.0
363.0287,1521.0
363.0947,1473.0
363.1605,1602.0
363.2264,1527.0
363.2923,1721.0
363.3582,1728.0
363.424,2072.0
363.4899,2661.0
363.5557,2473.0
363.6216,1938.0
363.6874,1766.0
363.7533,1718.0
363.8191,1888.0
363.885,1912.0
363.9508,2389.0
364.0167,3175.0
364.0825,4587.0
364.1483,3980.0
364.2142,3588.0
364.28,2770.0
364.3458,2191.0
364.4116,1795.0
364.4774,1718.0
364.5432,1688.0
364.609,1619.0
364.6748,1517.0
364.7406,1575.0
364.8065,1473.0
364.8722,1584.0
364.938,1455.0
365.0038,1606.0
365.0696,1565.0
365.1354,1744.0
365.2011,1840.0
365.2669,2597.0
365.3326,2617.0
365.3984,2284.0
365.4642,1856.0
365.5299,1724.0
365.5957,1642.0
365.6614,1836.0
365.7272,1970.0
365.7929,2300.0
365.8587,2556.0
365.9244,3603.0
365.9902,3324.0
366.0559,2899.0
366.1216,3028.0
366.1873,3588.0
366.253,2861.0
366.3188,2258.0
366.3845,1859.0
366.4502,1832.0
366.5159,1638.0
366.5816,1624.0
366.6473,1553.0
366.713,1563.0
366.7787,1478.0
366.8444,1739.0
366.91,1574.0
366.9757,1638.0
367.0414,1545.0
367.1071,1779.0
367.1727,1613.0
367.2384,1617.0
367.3041,1475.0
367.3697,1614.0
367.4354,1491.0
367.501,1688.0
367.5667,1580.0
367.6323,1723.0
367.698,1709.0
367.7636,1865.0
367.8292,1904.0
367.8948,2218.0
367.9605,2231.0
368.0261,2520.0
368.0918,2734.0
368.1573,3254.0
368.223,3753.0
368.2885,5221.0
368.3542,7106.0
368.4198,9799.0
368.4854,10189.0
368.551,7958.0
368.6165,5244.0
368.6821,3771.0
368.7477,2915.0
368.8133,2424.0
368.8789,2205.0
368.9445,2208.0
369.01,1825.0
369.0756,1791.0
369.1411,1690.0
369.2067,1622.0
369.2723,1508.0
369.3379,1700.0
369.4034,1617.0
369.4689,1639.0
369.5345,1483.0
369.6,1598.0
369.6656,1462.0
369.7311,1560.0
369.7966,1427.0
369.8622,1545.0
369.9277,1407.0
369.9932,1507.0
370.0587,1424.0
370.1242,1505.0
370.1897,1522.0
370.2552,1579.0
370.3207,1617.0
370.3862,1812.0
370.4517,1826.0
370.5172,2317.0
370.5827,2829.0
370.6482,2496.0
370.7136,1940.0
370.7791,1729.0
370.8446,1600.0
370.9101,1680.0
370.9756,1596.0
371.041,1500.0
371.1064,1350.0
371.1719,1380.0
371.2373,1286.0
371.3028,1496.0
371.3683,1328.0
371.4337,1423.0
371.4991,1410.0
371.5646,1453.0
371.63,1510.0
371.6954,1664.0
371.7608,1515.0
371.8263,1557.0
371.8917,1566.0
371.9571,1715.0
372.0225,1902.0
372.0879,2525.0
372.1533,2346.0
372.2187,2119.0
372.2841,1779.0
372.3495,2023.0
372.4149,2262.0
372.4803,2011.0
372.5457,1693.0
372.611,1639.0
372.6764,1453.0
372.7418,1601.0
372.8071,1571.0
372.8725,1902.0
372.9379,2045.0
373.0032,1846.0
373.0686,1538.0
373.1339,1489.0
373.1992,1409.0
373.2646,1524.0
373.3299,1445.0
373.3953,1555.0
373.4606,1464.0
373.5259,1600.0
373.5912,1574.0
373.6566,1714.0
373.7219,1725.0
373.7872,1970.0
373.8525,2206.0
373.9178,2523.0
373.9831,3005.0
374.0484,4550.0
374.1137,5877.0
374.179,5047.0
374.2443,3507.0
374.3096,2824.0
374.3749,2131.0
374.4401,2046.0
374.5054,1899.0
374.5706,1943.0
374.636,1948.0
374.7012,2393.0
374.7665,2683.0
374.8318,2509.0
374.897,2127.0
374.9622,2098.0
375.0275,2026.0
375.0927,2365.0
375.158,2490.0
375.2232,3039.0
375.2885,3035.0
375.3537,3013.0
375.4189,2956.0
375.4841,3303.0
375.5493,3765.0
375.6145,4841.0
375.6797,6542.0
375.745,8326.0
375.8101,10247.0
375.8754,11214.0
375.9406,10528.0
376.0057,10347.0
376.071,10497.0
376.1361,9013.0
376.2013,6303.0
376.2665,4502.0
376.3317,3401.0
376.3969,2878.0
376.462,2392.0
376.5272,2345.0
376.5923,2095.0
376.6575,1978.0
376.7226,1825.0
376.7878,1740.0
376.8529,1700.0
376.9181,1783.0
376.9832,1695.0
377.0483,1806.0
377.1135,1862.0
377.1786,1748.0
377.2437,1621.0
377.3089,1615.0
377.374,1549.0
377.4391,1591.0
377.5042,1668.0
377.5693,1822.0
377.6344,1623.0
377.6995,1552.0
377.7646,1371.0
377.8297,1490.0
377.8948,1393.0
377.9599,1447.0
378.025,1386.0
378.09,1429.0
378.1551,1359.0
378.2202,1444.0
378.2852,1389.0
378.3503,1433.0
378.4154,1460.0
378.4804,1605.0
378.5455,1858.0
378.6105,1772.0
378.6755,1468.0
378.7406,1462.0
378.8057,1366.0
378.8707,1513.0
378.9357,1400.0
379.0008,1324.0
379.0658,1271.0
379.1308,1367.0
379.1958,1290.0
379.2609,1406.0
379.3259,1262.0
379.3908,1443.0
379.4558,1331.0
379.5208,1395.0
379.5858,1391.0
379.6509,1405.0
379.7159,1351.0
379.7808,1405.0
379.8458,1267.0
379.9108,1383.0
379.9758,1228.0
380.0407,1363.0
380.1057,1318.0
380.1707,1363.0
380.2356,1249.0
380.3006,1390.0
380.3655,1273.0
380.4305,1325.0
380.4955,1249.0
380.5604,1368.0
380.6253,1289.0
380.6902,1378.0
380.7552,1226.0
380.8201,1358.0
380.885,1282.0
380.95,1334.0
381.0149,1347.0
381.0798,1469.0
381.1447,1411.0
381.2096,1661.0
381.2745,1677.0
381.3394,1831.0
381.4043,1786.0
381.4692,1683.0
381.5341,1458.0
381.5989,1468.0
381.6638,1429.0
381.7287,1515.0
381.7936,1341.0
381.8585,1471.0
381.9233,1336.0
381.9882,1402.0
382.053,1379.0
382.1179,1448.0
382.1828,1409.0
382.2476,1472.0
382.3124,1315.0
382.3773,1439.0
382.4421,1322.0
382.507,1452.0
382.5718,1402.0
382.6366,1537.0
382.7014,1591.0
382.7663,1651.0
382.8311,1472.0
382.8959,1545.0
382.9607,1362.0
383.0255,1473.0
383.0903,1433.0
383.1551,1510.0
383.2199,1570.0
383.2847,1697.0
383.3495,1620.0
383.4143,1596.0
383.479,1515.0
383.5438,1679.0
383.6086,1580.0
383.6734,1616.0
383.7381,1416.0
383.8029,1477.0
383.8676,1297.0
383.9324,1396.0
383.9972,1366.0
384.0619,1492.0
384.1266,1380.0
384.1914,1446.0
384.2562,1402.0
384.3209,1381.0
384.3856,1330.0
384.4503,1470.0
384.515,1431.0
384.5797,1551.0
384.6445,1444.0
384.7092,1455.0
384.7739,1389.0
384.8386,1461.0
384.9033,1353.0
384.968,1396.0
385.0327,1403.0
385.0974,1576.0
385.162,1548.0
385.2267,1742.0
385.2914,1698.0
385.3561,1615.0
385.4208,1524.0
385.4854,1574.0
385.5501,1527.0
385.6147,1591.0
385.6794,1533.0
385.7441,1710.0
385.8087,1563.0
385.8734,1611.0
385.938,1485.0
386.0027,1514.0
386.0673,1545.0
386.1319,1611.0
386.1966,1565.0
386.2612,1666.0
386.3258,1589.0
386.3904,1670.0
386.455,1649.0
386.5196,1766.0
386.5843,1819.0
386.6489,1794.0
386.7135,1869.0
386.778,1892.0
386.8426,1821.0
386.9072,1843.0
386.9718,1663.0
387.0364,1732.0
387.101,1620.0
387.1655,1694.0
387.2301,1771.0
387.2946,1873.0
387.3593,1776.0
387.4238,1958.0
387.4884,1865.0
387.5529,1781.0
387.6175,1640.0
387.682,1728.0
387.7466,1621.0
387.8111,1752.0
387.8756,1688.0
387.9402,1920.0
388.0047,1930.0
388.0692,2272.0
388.1337,2540.0
388.1982,2856.0
388.2628,2484.0
388.3272,2109.0
388.3918,1756.0
388.4563,1766.0
388.5208,1584.0
388.5852,1694.0
388.6497,1572.0
388.7142,1670.0
388.7787,1609.0
388.8432,1690.0
388.9077,1575.0
388.9721,1626.0
389.0366,1569.0
389.1011,1694.0
389.1655,1527.0
389.23,1703.0
389.2944,1727.0
389.3589,1862.0
389.4233,1849.0
389.4878,2015.0
389.5522,1875.0
389.6167,2169.0
389.6811,2031.0
389.7455,2386.0
389.8099,2651.0
389.8744,3297.0
389.9388,4842.0
390.0032,6417.0
390.0676,5365.0
390.132,3973.0
390.1964,2956.0
390.2608,2517.0
390.3252,2350.0
390.3896,2644.0
390.454,2492.0
390.5184,2234.0
390.5827,1874.0
390.6471,1893.0
390.7115,1782.0
390.7759,1926.0
390.8402,1861.0
390.9046,1947.0
390.9689,2066.0
391.0333,2327.0
391.0977,2567.0
391.162,3190.0
391.2264,4341.0
391.2907,5729.0
391.355,5247.0
391.4193,3833.0
391.4837,2951.0
391.548,2560.0
391.6123,2214.0
391.6767,2071.0
391.741,1924.0
391.8053,2011.0
391.8696,1842.0
391.9339,1951.0
391.9982,1861.0
392.0625,2074.0
392.1268,1935.0
392.1911,1907.0
392.2553,1887.0
392.3196,2030.0
392.3839,2107.0
392.4482,2037.0
392.5125,1915.0
392.5767,1975.0
392.641,1857.0
392.7053,1813.0
392.7695,1722.0
392.8338,1843.0
392.898,2005.0
392.9622,1968.0
393.0265,1796.0
393.0908,1899.0
393.155,1899.0
393.2192,1950.0
393.2834,1746.0
393.3477,1824.0
393.4118,1617.0
393.476,1619.0
393.5403,1455.0
393.6045,1613.0
393.6687,1514.0
393.7329,1618.0
393.7971,1495.0
393.8613,1537.0
393.9255,1482.0
393.9897,1547.0
394.0539,1467.0
394.118,1573.0
394.1822,1458.0
394.2464,1581.0
394.3105,1491.0
394.3747,1557.0
394.4389,1468.0
394.503,1681.0
394.5672,1640.0
394.6313,1853.0
394.6954,2118.0
394.7596,2380.0
394.8238,2296.0
394.8879,1898.0
394.952,1628.0
395.0161,1619.0
395.0803,1502.0
395.1444,1562.0
395.2085,1489.0
395.2726,1640.0
395.3367,1579.0
395.4008,1707.0
395.4649,1805.0
395.529,2300.0
395.5931,2354.0
395.6572,2369.0
395.7213,2525.0
395.7854,2580.0
395.8495,2014.0
395.9135,1761.0
395.9776,1606.0
396.0417,1562.0
396.1057,1536.0
396.1698,1807.0
396.2339,1746.0
396.2979,1875.0
396.362,1803.0
396.426,1664.0
396.4901,1507.0
396.5541,1457.0
396.6181,1465.0
396.6821,1445.0
396.7462,1394.0
396.8102,1505.0
396.8743,1390.0
396.9383,1428.0
397.0023,1394.0
397.0662,1483.0
397.1302,1426.0
397.1943,1469.0
397.2583,1396.0
397.3223,1443.0
397.3862,1397.0
397.4502,1475.0
397.5142,1390.0
397.5782,1506.0
397.6422,1491.0
397.7061,1472.0
397.7701,1451.0
397.8341,1609.0
397.898,1587.0
397.962,1781.0
398.0259,1970.0
398.0899,2553.0
398.1538,2416.0
398.2178,2175.0
398.2817,1796.0
398.3456,1697.0
398.4096,1596.0
398.4735,1686.0
398.5374,1521.0
398.6013,1720.0
398.6653,1664.0
398.7292,1750.0
398.7931,1775.0
398.857,2376.0
398.9209,2514.0
398.9848,2248.0
399.0487,1835.0
399.1125,1705.0
399.1765,1614.0
399.2404,1617.0
399.3042,1640.0
399.3681,1725.0
399.432,1596.0
399.4958,1841.0
399.5597,1742.0
399.6236,1950.0
399.6875,2066.0
399.7513,2670.0
399.8152,2832.0
399.879,2405.0
399.9428,2023.0
400.0067,1791.0
400.0705,1649.0
400.1343,1764.0
400.1982,1640.0
400.262,1735.0
400.3258,1599.0
400.3896,1728.0
400.4534,1604.0
400.5172,1704.0
400.581,1637.0
400.6448,1781.0
400.7086,1722.0
400.7724,2028.0
400.8362,2030.0
400.9,2014.0
400.9638,1720.0
401.0276,1813.0
401.0913,1792.0
401.1551,2091.0
401.2189,1969.0
401.2826,1968.0
401.3464,1718.0
401.4102,1816.0
401.4739,1659.0
401.5376,1768.0
401.6014,1680.0
401.6651,1817.0
401.7289,1620.0
401.7926,1695.0
401.8564,1624.0
401.92,1664.0
401.9838,1610.0
402.0475,1766.0
402.1112,1785.0
402.175,1826.0
402.2386,1832.0
402.3023,1999.0
402.366,2219.0
402.4297,2460.0
402.4934,2177.0
402.5571,2192.0
402.6208,2111.0
402.6845,2335.0
402.7482,2506.0
402.8118,2462.0
402.8755,2208.0
402.9392,2113.0
403.0028,1935.0
403.0665,1901.0
403.1301,1711.0
403.1938,1796.0
403.2574,1682.0
403.3211,1831.0
403.3847,1646.0
403.4484,1741.0
403.512,1654.0
403.5756,1683.0
403.6393,1545.0
403.7029,1633.0
403.7665,1558.0
403.8301,1659.0
403.8937,1517.0
403.9573,1588.0
404.0209,1552.0
404.0845,1613.0
404.1481,1509.0
404.2117,1570.0
404.2753,1580.0
404.3389,1632.0
404.4024,1490.0
404.466,1578.0
404.5296,1573.0
404.5932,1656.0
404.6567,1560.0
404.7203,1591.0
404.7838,1497.0
404.8474,1624.0
404.9109,1550.0
404.9745,1594.0
405.0381,1591.0
405.1016,1764.0
405.1651,1662.0
405.2286,2053.0
405.2922,2219.0
405.3557,2193.0
405.4193,2036.0
405.4828,1987.0
405.5462,1718.0
405.6097,1741.0
405.6733,1794.0
405.7368,1814.0
405.8003,1723.0
405.8638,1769.0
405.9272,1834.0
405.9907,1893.0
406.0542,1725.0
406.1177,1673.0
406.1812,1602.0
406.2446,1751.0
406.3081,1818.0
406.3716,2020.0
406.435,1916.0
406.4985,1869.0
406.562,1711.0
406.6254,1665.0
406.6888,1544.0
406.7523,1684.0
406.8157,1610.0
406.8791,1663.0
406.9426,1556.0
407.006,1678.0
407.0694,1590.0
407.1328,1727.0
407.1962,1609.0
407.2597,1688.0
407.3231,1579.0
407.3865,1789.0
407.4499,1639.0
407.5133,1716.0
407.5767,1736.0
407.64,1841.0
407.7034,1872.0
407.7668,2169.0
407.8302,2000.0
407.8936,1944.0
407.9569,1732.0
408.0203,1742.0
408.0836,1718.0
408.147,1988.0
408.2104,1704.0
408.2737,1748.0
408.3371,1571.0
408.4004,1663.0
408.4637,1510.0
408.5271,1668.0
408.5905,1580.0
408.6537,1665.0
408.7171,1495.0
408.7804,1595.0
408.8437,1556.0
408.907,1644.0
408.9703,1582.0
409.0336,1569.0
409.0969,1535.0
409.1602,1598.0
409.2235,1550.0
409.2868,1647.0
409.3501,1498.0
409.4134,1625.0
409.4767,1561.0
409.5399,1619.0
409.6032,1585.0
409.6665,1637.0
409.7297,1580.0
409.793,1756.0
409.8563,1629.0
409.9195,1732.0
409.9827,1592.0
410.046,1680.0
410.1092,1584.0
410.1725,1648.0
410.2357,1574.0
410.299,1680.0
410.3622,1614.0
410.4254,1678.0
410.4886,1560.0
410.5518,1631.0
410.615,1564.0
410.6782,1607.0
410.7414,1551.0
410.8046,1664.0
410.8678,1485.0
410.931,1662.0
410.9942,1515.0
411.0574,1687.0
411.1205,1620.0
411.1837,1838.0
411.2469,1707.0
411.3101,1691.0
411.3733,1599.0
411.4364,1662.0
411.4995,1527.0
411.5627,1575.0
411.6259,1501.0
411.689,1579.0
411.7521,1533.0
411.8153,1691.0
411.8784,1679.0
411.9415,1746.0
412.0046,1673.0
412.0678,1816.0
412.1309,1771.0
412.194,1903.0
412.2571,1933.0
412.3203,1902.0
412.3833,1796.0
412.4464,1793.0
412.5096,1693.0
412.5727,1750.0
412.6357,1783.0
412.6988,1944.0
412.7619,1814.0
412.825,1830.0
412.8881,1743.0
412.9511,1743.0
413.0142,1624.0
413.0772,1639.0
413.1403,1605.0
413.2033,1633.0
413.2664,1587.0
413.3294,1600.0
413.3925,1541.0
413.4555,1624.0
413.5186,1606.0
413.5816,1701.0
413.6446,1702.0
413.7076,1666.0
413.7707,1592.0
413.8337,1647.0
413.8967,1528.0
413.9597,1621.0
414.0227,1613.0
414.0857,1738.0
414.1487,1591.0
414.2117,1710.0
414.2747,1560.0
414.3376,1706.0
414.4006,1613.0
414.4636,1555.0
414.5266,1585.0
414.5896,1666.0
414.6525,1615.0
414.7155,1670.0
414.7784,1559.0
414.8414,1740.0
414.9044,1693.0
414.9673,1867.0
415.0303,1805.0
415.0932,1839.0
415.1561,1682.0
415.2191,1698.0
415.282,1613.0
415.3449,1666.0
415.4079,1573.0
415.4708,1609.0
415.5336,1601.0
415.5966,1684.0
415.6595,1641.0
415.7224,1910.0
415.7853,1808.0
415.8482,1992.0
415.9111,1968.0
415.9739,2164.0
416.0368,2239.0
416.0997,2492.0
416.1626,2606.0
416.2255,3264.0
416.2883,4004.0
416.3512,3987.0
416.414,3422.0
416.4769,2813.0
416.5397,2382.0
416.6026,2296.0
416.6654,2037.0
416.7283,2059.0
416.7911,1992.0
416.8539,2107.0
416.9167,2112.0
416.9796,2446.0
417.0424,2883.0
417.1052,3420.0
417.168,3447.0
417.2308,3162.0
417.2936,2769.0
417.3564,2467.0
417.4193,2124.0
417.4821,2039.0
417.5448,1853.0
417.6076,1924.0
417.6704,1763.0
417.7332,1798.0
417.796,1629.0
417.8587,1786.0
417.9215,1718.0
417.9842,1685.0
418.047,1611.0
418.1098,1730.0
418.1725,1635.0
418.2353,1701.0
418.298,1584.0
418.3607,1777.0
418.4235,1711.0
418.4862,2023.0
418.549,1934.0
418.6117,1906.0
418.6744,1818.0
418.7371,1799.0
418.7998,1705.0
418.8625,1721.0
418.9252,1677.0
418.9879,1759.0
419.0507,1619.0
419.1133,1664.0
419.176,1598.0
419.2387,1786.0
419.3014,1627.0
419.3641,1727.0
419.4268,1702.0
419.4894,1735.0
419.5521,1645.0
419.6147,1745.0
419.6774,1665.0
419.7401,1777.0
419.8027,1689.0
419.8654,1832.0
419.928,1716.0
419.9906,1902.0
420.0533,1722.0
420.1159,1826.0
420.1785,1776.0
420.2411,1896.0
420.3038,1809.0
420.3664,1893.0
420.429,1693.0
420.4916,1838.0
420.5542,1730.0
420.6168,1766.0
420.6794,1712.0
420.742,1766.0
420.8046,1727.0
420.8672,1827.0
420.9297,1777.0
420.9923,1856.0
421.0549,1725.0
421.1175,1831.0
421.18,1755.0
421.2426,1862.0
421.3052,1806.0
421.3677,1804.0
421.4303,1717.0
421.4928,1833.0
421.5554,1729.0
421.6179,1813.0
421.6804,1732.0
421.743,1750.0
421.8055,1758.0
421.868,1736.0
421.9305,1684.0
421.993,1772.0
422.0556,1665.0
422.1181,1659.0
422.1806,1650.0
422.2431,1760.0
422.3055,1668.0
422.368,1780.0
422.4305,1689.0
422.493,1769.0
422.5555,1592.0
422.618,1780.0
422.6805,1718.0
422.7429,1816.0
422.8054,1696.0
422.8679,1648.0
422.9303,1562.0
422.9928,1707.0
423.0552,1638.0
423.1177,1744.0
423.1801,1548.0
423.2425,1635.0
423.305,1593.0
423.3674,1637.0
423.4298,1650.0
423.4922,1652.0
423.5547,1597.0
423.617,1818.0
423.6795,1736.0
423.7419,1853.0
423.8043,1722.0
423.8667,1770.0
423.9291,1719.0
423.9915,1718.0
424.0538,1608.0
424.1163,1695.0
424.1786,1587.0
424.241,1705.0
424.3034,1605.0
424.3658,1668.0
424.4281,1657.0
424.4905,1725.0
424.5529,1656.0
424.6152,1698.0
424.6775,1586.0
424.7399,1726.0
424.8022,1658.0
424.8646,1722.0
424.9269,1715.0
424.9892,1747.0
425.0515,1735.0
425.1139,1715.0
425.1762,1683.0
425.2385,1705.0
425.3008,1705.0
425.3631,1791.0
425.4254,1693.0
425.4877,1787.0
425.55,1794.0
425.6123,1814.0
425.6746,1837.0
425.7369,1848.0
425.7992,1723.0
425.8614,1803.0
425.9237,1723.0
425.9859,1860.0
426.0482,1856.0
426.1105,2117.0
426.1727,2107.0
426.235,2227.0
426.2972,1998.0
426.3595,2018.0
426.4217,1874.0
426.4839,1939.0
426.5462,1779.0
426.6084,1837.0
426.6706,1773.0
426.7328,1835.0
426.795,1715.0
426.8573,1785.0
426.9195,1710.0
426.9817,1840.0
427.0439,1777.0
427.1061,1921.0
427.1683,1902.0
427.2305,2017.0
427.2927,2036.0
427.3549,2216.0
427.417,2104.0
427.4792,2145.0
427.5413,2088.0
427.6035,2092.0
427.6657,2064.0
427.7278,2074.0
427.79,1950.0
427.8521,2094.0
427.9142,1906.0
427.9764,2024.0
428.0386,1961.0
428.1007,2179.0
428.1628,2297.0
428.2249,2323.0
428.287,2206.0
428.3492,2284.0
428.4113,2395.0
428.4734,2740.0
428.5355,2725.0
428.5976,2955.0
428.6597,3082.0
428.7218,3093.0
428.7839,3302.0
428.846,3494.0
428.9081,3903.0
428.9702,4091.0
429.0322,3802.0
429.0943,3469.0
429.1563,2949.0
429.2184,3121.0
429.2805,3303.0
429.3425,3373.0
429.4046,3120.0
429.4666,3154.0
429.5287,2874.0
429.5908,2817.0
429.6528,2826.0
429.7148,3450.0
429.7768,4039.0
429.8388,4921.0
429.9008,6050.0
429.9629,6551.0
430.0249,5929.0
430.0869,5307.0
430.1489,4314.0
430.2109,3655.0
430.2729,2961.0
430.3349,2830.0
430.3969,2883.0
430.4589,3477.0
430.5208,3509.0
430.5828,3220.0
430.6448,3073.0
430.7068,3035.0
430.7688,2630.0
430.8307,2534.0
430.8926,2248.0
430.9546,2146.0
431.0165,2011.0
431.0785,2203.0
431.1404,2385.0
431.2024,2716.0
431.2643,2779.0
431.3262,2939.0
431.3881,3259.0
431.4501,2970.0
431.512,2694.0
431.5739,2457.0
431.6358,2121.0
431.6977,2079.0
431.7596,2039.0
431.8215,2047.0
431.8834,1896.0
431.9453,1916.0
432.0072,1999.0
432.0691,2041.0
432.131,1885.0
432.1928,1864.0
432.2547,1692.0
432.3165,1743.0
432.3784,1734.0
432.4403,1852.0
432.5021,1836.0
432.564,1876.0
432.6258,1731.0
432.6876,1681.0
432.7495,1596.0
432.8113,1666.0
432.8732,1542.0
432.935,1741.0
432.9968,1652.0
433.0586,1702.0
433.1204,1569.0
433.1823,1569.0
433.2441,1524.0
433.3059,1564.0
433.3677,1547.0
433.4295,1678.0
433.4912,1714.0
433.5531,1968.0
433.6148,2098.0
433.6766,2553.0
433.7384,2421.0
433.8001,2311.0
433.8619,1884.0
433.9237,1845.0
433.9854,1648.0
434.0472,1694.0
434.1089,1615.0
434.1707,1622.0
434.2324,1608.0
434.2942,1670.0
434.3559,1609.0
434.4177,1643.0
434.4794,1523.0
434.5411,1606.0
434.6028,1517.0
434.6645,1550.0
434.7263,1433.0
434.788,1521.0
434.8497,1453.0
434.9113,1552.0
434.973,1439.0
435.0347,1576.0
435.0965,1470.0
435.1581,1530.0
435.2198,1414.0
435.2815,1479.0
435.3431,1424.0
435.4048,1485.0
435.4665,1377.0
435.5282,1473.0
435.5898,1389.0
435.6515,1418.0
435.7131,1408.0
435.7747,1416.0
435.8363,1422.0
435.898,1516.0
435.9597,1433.0
436.0213,1482.0
436.0829,1368.0
436.1445,1527.0
436.2061,1368.0
436.2678,1430.0
436.3294,1401.0
436.391,1518.0
436.4525,1421.0
436.5141,1514.0
436.5757,1613.0
436.6373,1750.0
436.6989,1753.0
436.7605,1832.0
436.8221,1761.0
436.8836,1682.0
436.9452,1595.0
437.0067,1560.0
437.0684,1482.0
437.1299,1566.0
437.1914,1443.0
437.253,1503.0
437.3145,1482.0
437.3761,1607.0
437.4376,1435.0
437.4992,1493.0
437.5607,1349.0
437.6222,1433.0
437.6837,1381.0
437.7452,1413.0
437.8067,1380.0
437.8683,1436.0
437.9298,1396.0
437.9913,1428.0
438.0528,1260.0
438.1143,1406.0
438.1757,1328.0
438.2372,1452.0
438.2987,1404.0
438.3602,1478.0
438.4217,1431.0
438.4831,1542.0
438.5446,1584.0
438.6061,1818.0
438.6675,1603.0
438.729,1699.0
438.7904,1599.0
438.8519,1724.0
438.9133,1605.0
438.9747,1725.0
439.0362,1679.0
439.0976,1887.0
439.159,1934.0
439.2204,2346.0
439.2819,2666.0
439.3433,3551.0
439.4047,3971.0
439.4661,3653.0
439.5275,3235.0
439.5889,2739.0
439.6503,2185.0
439.7116,2069.0
439.7731,1944.0
439.8345,2109.0
439.8958,2101.0
439.9572,2006.0
440.0186,1866.0
440.0799,1748.0
440.1413,1618.0
440.2027,1752.0
440.264,1693.0
440.3253,1829.0
440.3867,1664.0
440.448,1781.0
440.5093,1616.0
440.5707,1622.0
440.632,1510.0
440.6934,1582.0
440.7546,1462.0
440.816,1652.0
440.8773,1603.0
440.9386,1827.0
440.9999,1831.0
441.0612,1873.0
441.1225,1728.0
441.1838,1711.0
441.2451,1563.0
441.3063,1637.0
441.3677,1540.0
441.429,1638.0
441.4902,1571.0
441.5515,1941.0
441.6127,2042.0
441.674,2216.0
441.7353,2063.0
441.7965,1979.0
441.8578,1766.0
441.919,1733.0
441.9802,1660.0
442.0414,1781.0
442.1027,1683.0
442.164,1813.0
442.2252,1646.0
442.2864,1686.0
442.3476,1628.0
442.4088,1677.0
442.47,1704.0
442.5312,1919.0
442.5924,2013.0
442.6536,1998.0
442.7148,1764.0
442.776,1746.0
442.8372,1597.0
442.8984,1566.0
442.9596,1567.0
443.0207,1644.0
443.0819,1437.0
443.143,1606.0
443.2042,1533.0
443.2653,1737.0
443.3265,1564.0
443.3877,1680.0
443.4488,1521.0
443.5099,1554.0
443.5711,1524.0
443.6322,1602.0
443.6934,1526.0
443.7545,1608.0
443.8156,1505.0
443.8767,1720.0
443.9378,1775.0
443.9989,1937.0
444.0601,1920.0
444.1212,2208.0
444.1822,2428.0
444.2433,3129.0
444.3044,3206.0
444.3654,3002.0
444.4265,2364.0
444.4877,2098.0
444.5487,1818.0
444.6098,1775.0
444.6708,1805.0
444.7319,1990.0
444.7929,2307.0
444.854,2461.0
444.915,2467.0
444.9761,2556.0
445.0371,2239.0
445.0981,2079.0
445.1592,1984.0
445.2203,2301.0
445.2812,2420.0
445.3423,2187.0
445.4033,2151.0
445.4643,2148.0
445.5253,1926.0
445.5862,2066.0
445.6473,2101.0
445.7083,1897.0
445.7693,1554.0
445.8303,1431.0
445.8912,1355.0
445.9522,1424.0
446.0132,1332.0
446.0742,1459.0
446.1352,1451.0
446.1961,1643.0
446.257,1554.0
446.318,1664.0
446.379,1585.0
446.4399,1907.0
446.5009,1743.0
446.5618,1853.0
446.6227,1992.0
446.6836,2716.0
446.7446,2881.0
446.8055,2303.0
446.8664,1842.0
446.9273,1738.0
446.9883,1738.0
447.0491,1564.0
447.11,1335.0
447.171,1361.0
447.2319,1277.0
447.2927,1445.0
447.3536,1340.0
447.4145,1323.0
447.4753,1236.0
447.5363,1244.0
447.5971,1190.0
447.658,1364.0
447.7188,1261.0
447.7797,1422.0
447.8405,1368.0
447.9014,1519.0
447.9623,1592.0
448.0231,1452.0
448.0839,1263.0
448.1447,1296.0
448.2056,1217.0
448.2664,1328.0
448.3272,1322.0
448.3881,1389.0
448.4489,1254.0
448.5096,1396.0
448.5705,1382.0
448.6312,1541.0
448.6921,1542.0
448.7529,1513.0
448.8137,1250.0
448.8744,1343.0
448.9352,1318.0
448.9959,1435.0
449.0567,1370.0
449.1175,1307.0
449.1783,1187.0
449.239,1289.0
449.2998,1237.0
449.3605,1355.0
449.4213,1347.0
449.4821,1363.0
449.5428,1230.0
449.6035,1308.0
449.6642,1353.0
449.725,1439.0
449.7857,1441.0
449.8464,1585.0
449.9071,1700.0
449.9679,1648.0
450.0285,1445.0
450.0892,1532.0
450.1499,1512.0
450.2106,1866.0
450.2714,1864.0
450.332,1774.0
450.3927,1418.0
450.4534,1398.0
450.514,1231.0
450.5747,1260.0
450.6354,1225.0
450.696,1255.0
450.7567,1161.0
450.8174,1229.0
450.878,1242.0
450.9386,1304.0
450.9993,1241.0
451.0599,1302.0
451.1206,1126.0
451.1812,1243.0
451.2418,1224.0
451.3024,1386.0
451.363,1467.0
451.4236,1607.0
451.4843,1335.0
451.5449,1392.0
451.6054,1223.0
451.666,1297.0
451.7267,1235.0
451.7873,1397.0
451.8478,1530.0
451.9084,1813.0
451.969,1600.0
452.0295,1487.0
452.0901,1266.0
452.1507,1331.0
452.2113,1206.0
452.2718,1438.0
452.3324,1607.0
452.3929,1799.0
452.4534,1533.0
452.5139,1481.0
452.5745,1349.0
452.635,1439.0
452.6956,1443.0
452.7561,1612.0
452.8166,1682.0
452.8771,1668.0
452.9377,1447.0
452.9981,1429.0
453.0586,1440.0
453.1191,1513.0
453.1796,1456.0
453.2401,1733.0
453.3006,2114.0
453.3611,3026.0
453.4216,4240.0
453.4821,5012.0
453.5425,4870.0
453.6029,4827.0
453.6634,4339.0
453.7239,3542.0
453.7844,2536.0
453.8448,2045.0
453.9052,1697.0
453.9656,1685.0
454.0261,1493.0
454.0866,1562.0
454.147,1358.0
454.2074,1448.0
454.2678,1368.0
454.3282,1468.0
454.3886,1439.0
454.449,1593.0
454.5095,1878.0
454.5699,2074.0
454.6302,1788.0
454.6906,1777.0
454.751,1674.0
454.8114,2009.0
454.8718,2359.0
454.9322,3308.0
454.9925,4444.0
455.0529,5447.0
455.1133,4564.0
455.1736,3569.0
455.234,2840.0
455.2943,2890.0
455.3547,2635.0
455.415,2220.0
455.4753,1876.0
455.5357,1870.0
455.5959,2097.0
455.6563,2201.0
455.7167,1680.0
455.777,1654.0
455.8373,1537.0
455.8976,1542.0
455.9579,1466.0
456.0182,1528.0
456.0785,1531.0
456.1388,1598.0
456.1991,1557.0
456.2593,1749.0
456.3196,1858.0
456.3799,2311.0
456.4402,2983.0
456.5005,2826.0
456.5607,2148.0
456.621,1929.0
456.6812,1569.0
456.7414,1619.0
456.8018,1613.0
456.862,1606.0
456.9222,1610.0
456.9825,1742.0
457.0426,1821.0
457.1028,1988.0
457.1631,2475.0
457.2234,3465.0
457.2835,4543.0
457.3438,4138.0
457.404,3130.0
457.4641,2455.0
457.5244,1978.0
457.5846,1873.0
457.6447,1595.0
457.7049,1529.0
457.7651,1441.0
457.8253,1435.0
457.8854,1344.0
457.9456,1401.0
458.0058,1240.0
458.0659,1340.0
458.1261,1311.0
458.1862,1388.0
458.2464,1210.0
458.3066,1340.0
458.3667,1260.0
458.4268,1373.0
458.4869,1338.0
458.5471,787.0
458.6072,584.0
458.6674,682.0
458.7274,596.0
458.7876,695.0
458.8477,595.0
458.9077,692.0
458.9679,579.0
459.0279,700.0
459.0881,591.0
459.1481,635.0
459.2082,578.0
459.2683,703.0
459.3283,580.0
459.3884,699.0
459.4485,605.0
459.5086,631.0
459.5686,589.0
459.6287,660.0
459.6887,615.0
459.7487,728.0
459.8088,665.0
459.8688,676.0
459.9289,598.0
459.9889,719.0
460.0489,600.0
460.1089,748.0
460.1689,642.0
460.229,667.0
460.289,587.0
