Laser settings:
	Diode frequency:	5 Hz
	Pulses fired:		105
	Q-Switch blanking:	5
	Q-Switch delay:		201 μs
	Q-Switch presync:	1 μs
Spectrometer settings:
	Integration time:	0.0300 ms
	Integration delay:	0.000 ns
	Averaging:		1
	Trigger mode:		External
	Dynamic Dark Correction:		Disabled


wavelength,intensity
184.9409,646.0
185.0142,604.0
185.0875,671.0
185.1608,641.0
185.2341,671.0
185.3074,629.0
185.3807,698.0
185.454,597.0
185.5273,714.0
185.6006,655.0
185.6739,684.0
185.7472,593.0
185.8205,668.0
185.8938,651.0
185.9671,735.0
186.0403,604.0
186.1136,680.0
186.1869,590.0
186.2601,683.0
186.3334,609.0
186.4067,656.0
186.4799,608.0
186.5532,671.0
186.6265,653.0
186.6997,698.0
186.773,648.0
186.8462,680.0
186.9195,573.0
186.9928,680.0
187.066,609.0
187.1392,704.0
187.2125,630.0
187.2857,746.0
187.3589,676.0
187.4322,740.0
187.5054,728.0
187.5786,753.0
187.6519,711.0
187.7251,796.0
187.7983,702.0
187.8715,884.0
187.9447,806.0
188.018,845.0
188.0912,708.0
188.1644,793.0
188.2376,686.0
188.3108,761.0
188.384,668.0
188.4572,766.0
188.5304,740.0
188.6036,783.0
188.6768,730.0
188.75,802.0
188.8232,709.0
188.8963,792.0
188.9695,743.0
189.0427,785.0
189.1159,753.0
189.1891,842.0
189.2623,776.0
189.3354,799.0
189.4086,784.0
189.4818,868.0
189.5549,825.0
189.6281,920.0
189.7012,935.0
189.7744,1016.0
189.8476,828.0
189.9207,962.0
189.9939,926.0
190.067,979.0
190.1402,978.0
190.2133,956.0
190.2864,859.0
190.3596,953.0
190.4327,953.0
190.5059,1121.0
190.579,1162.0
190.6521,1295.0
190.7253,1210.0
190.7984,1386.0
190.8715,1346.0
190.9446,1469.0
191.0177,1349.0
191.0908,1371.0
191.164,1241.0
191.2371,1159.0
191.3102,1012.0
191.3833,1070.0
191.4564,967.0
191.5295,938.0
191.6026,789.0
191.6757,896.0
191.7488,791.0
191.8219,901.0
191.895,791.0
191.968,828.0
192.0411,802.0
192.1142,917.0
192.1873,784.0
192.2604,921.0
192.3334,776.0
192.4065,935.0
192.4796,842.0
192.5527,932.0
192.6257,848.0
192.6988,934.0
192.7718,911.0
192.8449,937.0
192.918,892.0
192.991,964.0
193.064,947.0
193.1371,1041.0
193.2101,888.0
193.2832,1044.0
193.3562,1078.0
193.4292,1215.0
193.5023,1228.0
193.5753,1396.0
193.6484,1264.0
193.7214,1173.0
193.7944,1155.0
193.8674,1224.0
193.9405,1186.0
194.0135,1352.0
194.0865,1348.0
194.1595,1671.0
194.2325,1556.0
194.3055,1579.0
194.3785,1432.0
194.4515,1474.0
194.5246,1481.0
194.5975,1540.0
194.6705,1493.0
194.7435,1706.0
194.8165,1839.0
194.8895,2120.0
194.9625,1964.0
195.0355,1880.0
195.1085,1699.0
195.1815,1541.0
195.2544,1340.0
195.3274,1282.0
195.4004,1228.0
195.4734,1203.0
195.5463,1152.0
195.6193,1208.0
195.6923,1159.0
195.7652,1178.0
195.8382,1079.0
195.9111,1100.0
195.9841,996.0
196.057,1133.0
196.13,1001.0
196.2029,959.0
196.2759,996.0
196.3488,1116.0
196.4218,1040.0
196.4947,1074.0
196.5676,949.0
196.6406,1024.0
196.7135,920.0
196.7864,998.0
196.8593,959.0
196.9323,1118.0
197.0052,1226.0
197.0781,1260.0
197.151,1161.0
197.2239,1123.0
197.2969,1035.0
197.3697,1205.0
197.4427,1096.0
197.5156,1084.0
197.5885,1025.0
197.6614,1009.0
197.7343,882.0
197.8072,1064.0
197.88,934.0
197.9529,1006.0
198.0258,956.0
198.0987,989.0
198.1716,850.0
198.2445,963.0
198.3173,897.0
198.3902,976.0
198.4631,856.0
198.5359,1025.0
198.6088,847.0
198.6817,988.0
198.7545,904.0
198.8274,918.0
198.9003,844.0
198.9731,943.0
199.046,824.0
199.1188,920.0
199.1917,847.0
199.2645,918.0
199.3373,829.0
199.4102,902.0
199.483,860.0
199.5559,895.0
199.6287,859.0
199.7015,940.0
199.7744,859.0
199.8472,876.0
199.92,827.0
199.9928,917.0
200.0656,840.0
200.1385,871.0
200.2113,872.0
200.2841,931.0
200.3569,822.0
200.4297,942.0
200.5025,851.0
200.5753,976.0
200.6481,917.0
200.7209,991.0
200.7937,995.0
200.8665,1081.0
200.9393,998.0
201.0121,1090.0
201.0848,1025.0
201.1576,1145.0
201.2304,962.0
201.3032,1079.0
201.3759,943.0
201.4487,956.0
201.5215,932.0
201.5943,997.0
201.667,875.0
201.7398,955.0
201.8125,858.0
201.8853,996.0
201.958,902.0
202.0308,1025.0
202.1035,991.0
202.1763,1101.0
202.249,1088.0
202.3218,1075.0
202.3945,1024.0
202.4673,1075.0
202.54,970.0
202.6127,994.0
202.6855,827.0
202.7582,944.0
202.8309,819.0
202.9036,917.0
202.9764,889.0
203.0491,981.0
203.1218,888.0
203.1945,941.0
203.2672,936.0
203.3399,992.0
203.4126,864.0
203.4853,964.0
203.558,914.0
203.6307,992.0
203.7034,948.0
203.7761,1000.0
203.8488,1002.0
203.9215,1035.0
203.9942,1046.0
204.0669,1180.0
204.1395,1134.0
204.2122,1257.0
204.2849,1015.0
204.3576,1125.0
204.4302,962.0
204.5029,1049.0
204.5756,1030.0
204.6482,997.0
204.7209,1034.0
204.7935,1123.0
204.8662,1086.0
204.9389,1331.0
205.0115,1358.0
205.0842,1591.0
205.1568,1405.0
205.2294,1331.0
205.3021,1423.0
205.3747,1525.0
205.4474,1645.0
205.52,1832.0
205.5926,1517.0
205.6653,1581.0
205.7379,1582.0
205.8105,1652.0
205.8831,1544.0
205.9557,1360.0
206.0284,1304.0
206.101,1257.0
206.1736,1140.0
206.2462,1180.0
206.3188,1212.0
206.3914,1306.0
206.464,1328.0
206.5366,1558.0
206.6092,1722.0
206.6818,2002.0
206.7544,2221.0
206.827,2146.0
206.8996,1707.0
206.9721,1483.0
207.0447,1233.0
207.1173,1216.0
207.1899,1123.0
207.2625,1175.0
207.335,1041.0
207.4076,1134.0
207.4802,982.0
207.5527,1053.0
207.6253,991.0
207.6978,1050.0
207.7704,1071.0
207.843,1019.0
207.9155,934.0
207.9881,1029.0
208.0606,991.0
208.1331,1073.0
208.2057,999.0
208.2782,1033.0
208.3508,992.0
208.4233,1043.0
208.4958,922.0
208.5684,1053.0
208.6409,976.0
208.7134,1028.0
208.7859,955.0
208.8584,1021.0
208.931,970.0
209.0035,1030.0
209.076,966.0
209.1485,1111.0
209.221,1010.0
209.2935,1099.0
209.366,1017.0
209.4385,1207.0
209.511,1103.0
209.5835,1365.0
209.656,1319.0
209.7285,1480.0
209.801,1565.0
209.8735,1629.0
209.9459,1634.0
210.0184,1671.0
210.0909,1764.0
210.1634,1842.0
210.2358,1804.0
210.3083,1985.0
210.3808,1865.0
210.4532,1766.0
210.5257,1457.0
210.5982,1450.0
210.6706,1292.0
210.7431,1278.0
210.8155,1123.0
210.888,1102.0
210.9604,1053.0
211.0329,1122.0
211.1053,1007.0
211.1777,1007.0
211.2502,1023.0
211.3226,948.0
211.3951,903.0
211.4675,1013.0
211.5399,925.0
211.6123,1061.0
211.6847,930.0
211.7572,991.0
211.8296,952.0
211.902,1022.0
211.9744,952.0
212.0468,1029.0
212.1192,983.0
212.1917,984.0
212.264,949.0
212.3364,1016.0
212.4088,954.0
212.4812,1013.0
212.5536,940.0
212.626,1038.0
212.6984,942.0
212.7708,1017.0
212.8432,878.0
212.9155,1000.0
212.9879,939.0
213.0603,1057.0
213.1326,986.0
213.205,1097.0
213.2774,996.0
213.3498,1065.0
213.4221,1058.0
213.4945,1067.0
213.5668,1012.0
213.6392,1114.0
213.7115,1070.0
213.7839,1191.0
213.8562,1131.0
213.9286,1140.0
214.0009,1053.0
214.0732,1099.0
214.1456,987.0
214.2179,1087.0
214.2903,1040.0
214.3626,1062.0
214.4349,975.0
214.5072,1065.0
214.5796,989.0
214.6519,1024.0
214.7242,981.0
214.7965,1045.0
214.8688,1010.0
214.9411,1072.0
215.0134,1040.0
215.0857,1100.0
215.158,1078.0
215.2303,1183.0
215.3026,1326.0
215.3749,1608.0
215.4472,1774.0
215.5195,2305.0
215.5918,2257.0
215.6641,2071.0
215.7363,1928.0
215.8086,2257.0
215.8809,2640.0
215.9532,3114.0
216.0254,2699.0
216.0977,1966.0
216.17,1632.0
216.2422,1820.0
216.3145,1923.0
216.3867,1743.0
216.459,1289.0
216.5313,1314.0
216.6035,1202.0
216.6758,1373.0
216.748,1229.0
216.8202,1332.0
216.8925,1257.0
216.9647,1269.0
217.037,1242.0
217.1092,1260.0
217.1814,1170.0
217.2536,1294.0
217.3259,1266.0
217.3981,1367.0
217.4703,1324.0
217.5425,1265.0
217.6147,1309.0
217.687,1393.0
217.7592,1445.0
217.8314,1564.0
217.9035,1458.0
217.9758,1516.0
218.048,1386.0
218.1201,1410.0
218.1924,1318.0
218.2645,1431.0
218.3367,1348.0
218.4089,1437.0
218.4811,1443.0
218.5533,1563.0
218.6255,1665.0
218.6976,1930.0
218.7698,2092.0
218.842,2107.0
218.9142,1865.0
218.9863,1946.0
219.0585,1881.0
219.1306,1656.0
219.2028,1453.0
219.2749,1418.0
219.3471,1275.0
219.4193,1434.0
219.4914,1224.0
219.5636,1354.0
219.6357,1273.0
219.7078,1367.0
219.78,1361.0
219.8521,1574.0
219.9242,1593.0
219.9964,1672.0
220.0685,1663.0
220.1406,1592.0
220.2128,1383.0
220.2849,1390.0
220.357,1220.0
220.4291,1273.0
220.5012,1204.0
220.5733,1337.0
220.6454,1253.0
220.7175,1302.0
220.7896,1168.0
220.8617,1260.0
220.9338,1184.0
221.0059,1268.0
221.078,1181.0
221.1501,1290.0
221.2222,1164.0
221.2943,1236.0
221.3663,1172.0
221.4384,1192.0
221.5105,1113.0
221.5826,1150.0
221.6546,1070.0
221.7267,1170.0
221.7988,1088.0
221.8708,1238.0
221.9429,1163.0
222.015,1165.0
222.087,1177.0
222.1591,1182.0
222.2311,1151.0
222.3032,1277.0
222.3752,1206.0
222.4473,1374.0
222.5193,1505.0
222.5913,1911.0
222.6634,2158.0
222.7354,2701.0
222.8074,2655.0
222.8795,2262.0
222.9515,2253.0
223.0235,2551.0
223.0955,2978.0
223.1675,2945.0
223.2395,2017.0
223.3116,1532.0
223.3836,1317.0
223.4556,1423.0
223.5276,1406.0
223.5996,1538.0
223.6716,1568.0
223.7436,1702.0
223.8156,1833.0
223.8876,1979.0
223.9595,1807.0
224.0315,1646.0
224.1035,1503.0
224.1755,1494.0
224.2475,1379.0
224.3195,1431.0
224.3914,1355.0
224.4634,1435.0
224.5354,1387.0
224.6073,1479.0
224.6793,1443.0
224.7512,1571.0
224.8232,1593.0
224.8952,1853.0
224.9671,1903.0
225.0391,2129.0
225.111,2017.0
225.1829,1900.0
225.2549,1820.0
225.3268,1907.0
225.3988,1764.0
225.4707,1688.0
225.5426,1462.0
225.6146,1452.0
225.6865,1367.0
225.7584,1534.0
225.8303,1546.0
225.9022,1851.0
225.9742,2142.0
226.0461,2711.0
226.118,3347.0
226.1899,3779.0
226.2618,2503.0
226.3337,1779.0
226.4056,1549.0
226.4775,1565.0
226.5494,1487.0
226.6213,1543.0
226.6932,1571.0
226.7651,2012.0
226.8369,2386.0
226.9088,3045.0
226.9807,3123.0
227.0526,2215.0
227.1245,1542.0
227.1963,1483.0
227.2682,1332.0
227.3401,1415.0
227.4119,1205.0
227.4838,1283.0
227.5556,1251.0
227.6275,1290.0
227.6993,1251.0
227.7712,1254.0
227.8431,1207.0
227.9149,1291.0
227.9867,1181.0
228.0586,1277.0
228.1304,1187.0
228.2023,1301.0
228.2741,1213.0
228.3459,1240.0
228.4177,1222.0
228.4896,1261.0
228.5614,1252.0
228.6332,1314.0
228.705,1304.0
228.7768,1315.0
228.8486,1180.0
228.9205,1302.0
228.9923,1205.0
229.0641,1280.0
229.1359,1239.0
229.2077,1324.0
229.2794,1311.0
229.3513,1354.0
229.423,1246.0
229.4948,1387.0
229.5666,1284.0
229.6384,1421.0
229.7102,1319.0
229.782,1327.0
229.8537,1235.0
229.9255,1356.0
229.9973,1388.0
230.069,1407.0
230.1408,1299.0
230.2126,1399.0
230.2843,1274.0
230.3561,1384.0
230.4278,1249.0
230.4996,1265.0
230.5713,1257.0
230.6431,1367.0
230.7148,1190.0
230.7866,1222.0
230.8583,1184.0
230.93,1262.0
231.0018,1273.0
231.0735,1235.0
231.1452,1157.0
231.2169,1360.0
231.2887,1295.0
231.3604,1368.0
231.4321,1329.0
231.5038,1360.0
231.5755,1328.0
231.6472,1339.0
231.7189,1312.0
231.7906,1356.0
231.8624,1354.0
231.9341,1384.0
232.0057,1257.0
232.0774,1424.0
232.1491,1398.0
232.2208,1453.0
232.2925,1428.0
232.3642,1516.0
232.4359,1432.0
232.5075,1679.0
232.5792,1652.0
232.6509,1800.0
232.7225,1852.0
232.7942,2114.0
232.8659,2175.0
232.9375,2630.0
233.0092,3106.0
233.0809,3712.0
233.1525,4395.0
233.2242,4189.0
233.2958,3631.0
233.3675,3599.0
233.4391,3714.0
233.5107,3643.0
233.5824,3078.0
233.654,3133.0
233.7256,3441.0
233.7973,3979.0
233.8689,4575.0
233.9405,4829.0
234.0121,3894.0
234.0838,3436.0
234.1554,3211.0
234.227,3431.0
234.2986,3220.0
234.3702,3165.0
234.4418,3412.0
234.5134,4245.0
234.585,5159.0
234.6566,6076.0
234.7282,6174.0
234.7998,4784.0
234.8714,3372.0
234.943,2887.0
235.0146,2604.0
235.0862,2503.0
235.1577,2170.0
235.2293,1856.0
235.3009,1865.0
235.3725,2002.0
235.444,2081.0
235.5156,2063.0
235.5872,1902.0
235.6587,1856.0
235.7303,1769.0
235.8018,1802.0
235.8734,1719.0
235.9449,1765.0
236.0165,1648.0
236.088,1690.0
236.1596,1741.0
236.2311,1739.0
236.3026,1740.0
236.3742,1780.0
236.4457,1707.0
236.5172,1746.0
236.5887,1679.0
236.6603,1732.0
236.7318,1758.0
236.8033,1927.0
236.8748,1893.0
236.9464,1931.0
237.0179,1974.0
237.0894,2201.0
237.1609,2403.0
237.2324,2758.0
237.3039,3245.0
237.3754,3903.0
237.4469,4704.0
237.5184,5011.0
237.5898,4321.0
237.6613,3190.0
237.7328,2535.0
237.8043,2284.0
237.8758,2057.0
237.9472,1982.0
238.0187,1815.0
238.0902,1849.0
238.1617,1712.0
238.2331,1836.0
238.3046,1695.0
238.376,1631.0
238.4475,1570.0
238.519,1662.0
238.5904,1506.0
238.6618,1583.0
238.7333,1523.0
238.8047,1599.0
238.8762,1571.0
238.9476,1675.0
239.0191,1541.0
239.0905,1621.0
239.1619,1497.0
239.2334,1601.0
239.3048,1519.0
239.3762,1718.0
239.4476,1500.0
239.519,1558.0
239.5904,1556.0
239.6619,1703.0
239.7333,1581.0
239.8047,1712.0
239.8761,1637.0
239.9475,1736.0
240.0189,1677.0
240.0903,1846.0
240.1617,1806.0
240.233,1938.0
240.3044,1846.0
240.3758,1874.0
240.4472,1747.0
240.5186,1911.0
240.59,1857.0
240.6613,2069.0
240.7327,2073.0
240.8041,2367.0
240.8754,2373.0
240.9468,2884.0
241.0181,3078.0
241.0895,3786.0
241.1609,4645.0
241.2322,5744.0
241.3036,7076.0
241.3749,8255.0
241.4462,8305.0
241.5176,6330.0
241.5889,4370.0
241.6602,3488.0
241.7316,2705.0
241.8029,2648.0
241.8743,2231.0
241.9456,2111.0
242.0169,1926.0
242.0882,1906.0
242.1595,1828.0
242.2309,1781.0
242.3022,1721.0
242.3735,1845.0
242.4448,1743.0
242.5161,1754.0
242.5874,1626.0
242.6587,1608.0
242.73,1518.0
242.8013,1629.0
242.8726,1521.0
242.9438,1593.0
243.0151,1498.0
243.0864,1561.0
243.1577,1510.0
243.229,1506.0
243.3002,1476.0
243.3715,1513.0
243.4428,1516.0
243.5141,1589.0
243.5853,1457.0
243.6566,1558.0
243.7278,1496.0
243.7991,1568.0
243.8703,1632.0
243.9416,1862.0
244.0128,1997.0
244.0841,2132.0
244.1553,1788.0
244.2266,1700.0
244.2978,1535.0
244.369,1520.0
244.4402,1482.0
244.5115,1496.0
244.5827,1476.0
244.6539,1563.0
244.7251,1576.0
244.7964,1719.0
244.8676,1682.0
244.9388,1924.0
245.01,2113.0
245.0812,2454.0
245.1524,2027.0
245.2236,1797.0
245.2948,1530.0
245.366,1490.0
245.4372,1349.0
245.5084,1481.0
245.5796,1314.0
245.6507,1479.0
245.7219,1365.0
245.7931,1426.0
245.8643,1404.0
245.9355,1415.0
246.0066,1493.0
246.0778,1480.0
246.149,1423.0
246.2201,1510.0
246.2913,1379.0
246.3624,1448.0
246.4336,1382.0
246.5047,1511.0
246.5759,1341.0
246.647,1407.0
246.7182,1392.0
246.7893,1591.0
246.8605,1427.0
246.9316,1498.0
247.0027,1367.0
247.0739,1432.0
247.145,1347.0
247.2161,1397.0
247.2872,1355.0
247.3584,1487.0
247.4295,1416.0
247.5006,1493.0
247.5717,1416.0
247.6428,1531.0
247.7139,1471.0
247.785,1536.0
247.8561,1456.0
247.9272,1664.0
247.9983,1495.0
248.0694,1583.0
248.1405,1502.0
248.2116,1554.0
248.2827,1392.0
248.3537,1525.0
248.4248,1327.0
248.4959,1481.0
248.5669,1419.0
248.638,1508.0
248.7091,1486.0
248.7802,1557.0
248.8512,1452.0
248.9223,1499.0
248.9933,1490.0
249.0644,1493.0
249.1354,1504.0
249.2065,1576.0
249.2775,1497.0
249.3486,1559.0
249.4196,1480.0
249.4906,1600.0
249.5617,1528.0
249.6327,1688.0
249.7037,1553.0
249.7747,1786.0
249.8458,1692.0
249.9168,1836.0
249.9878,1758.0
250.0588,1774.0
250.1298,1761.0
250.2009,1716.0
250.2719,1736.0
250.3429,1789.0
250.4138,1699.0
250.4849,1846.0
250.5558,1792.0
250.6268,1962.0
250.6978,2016.0
250.7688,2105.0
250.8398,2079.0
250.9108,2292.0
250.9818,2303.0
251.0527,2602.0
251.1237,2888.0
251.1947,3391.0
251.2657,3714.0
251.3366,4761.0
251.4076,5939.0
251.4785,7474.0
251.5495,8879.0
251.6205,9637.0
251.6914,8322.0
251.7623,6589.0
251.8333,4969.0
251.9042,3915.0
251.9752,3432.0
252.0461,3329.0
252.1171,3046.0
252.188,3098.0
252.2589,3305.0
252.3298,3878.0
252.4008,4634.0
252.4717,5947.0
252.5426,7605.0
252.6135,8982.0
252.6844,8647.0
252.7553,8851.0
252.8262,8511.0
252.8971,7070.0
252.9681,5895.0
253.039,5523.0
253.1098,5125.0
253.1808,5561.0
253.2516,4363.0
253.3225,3861.0
253.3934,3851.0
253.4643,4542.0
253.5352,5182.0
253.606,4835.0
253.6769,4514.0
253.7478,4273.0
253.8187,4851.0
253.8895,5543.0
253.9604,6387.0
254.0312,6861.0
254.1021,5772.0
254.173,4335.0
254.2438,3335.0
254.3147,3065.0
254.3855,2610.0
254.4563,2474.0
254.5272,2291.0
254.598,2343.0
254.6689,2264.0
254.7397,2293.0
254.8105,2127.0
254.8813,2219.0
254.9522,2069.0
255.023,2150.0
255.0938,1992.0
255.1646,2115.0
255.2354,2007.0
255.3062,2192.0
255.3771,2271.0
255.4479,2518.0
255.5187,2577.0
255.5894,3261.0
255.6603,3300.0
255.731,3007.0
255.8018,2953.0
255.8726,3262.0
255.9434,3478.0
256.0142,4042.0
256.085,4761.0
256.1558,5910.0
256.2265,7305.0
256.2973,8881.0
256.3681,9583.0
256.4388,9040.0
256.5096,8535.0
256.5804,8114.0
256.6511,6960.0
256.7219,6229.0
256.7926,5670.0
256.8634,4655.0
256.9341,3883.0
257.0049,3574.0
257.0756,3462.0
257.1463,3793.0
257.2171,3009.0
257.2878,2941.0
257.3585,2683.0
257.4292,2901.0
257.5,2766.0
257.5707,3024.0
257.6414,3180.0
257.7122,3099.0
257.7828,2704.0
257.8535,2695.0
257.9243,2710.0
257.995,2986.0
258.0657,3101.0
258.1364,2790.0
258.2071,2371.0
258.2777,2093.0
258.3484,1839.0
258.4191,1768.0
258.4898,1633.0
258.5605,1679.0
258.6312,1570.0
258.7018,1645.0
258.7725,1612.0
258.8432,1644.0
258.9139,1541.0
258.9845,1639.0
259.0552,1536.0
259.1259,1716.0
259.1965,1726.0
259.2672,1894.0
259.3378,1831.0
259.4085,1716.0
259.4791,1630.0
259.5497,1609.0
259.6204,1497.0
259.691,1723.0
259.7617,1658.0
259.8323,1791.0
259.9029,1702.0
259.9735,1732.0
260.0442,1719.0
260.1147,1595.0
260.1854,1517.0
260.256,1571.0
260.3267,1560.0
260.3972,1713.0
260.4678,1687.0
260.5384,1840.0
260.6091,1655.0
260.6796,1602.0
260.7502,1566.0
260.8208,1729.0
260.8914,1612.0
260.962,1781.0
261.0326,1639.0
261.1032,1885.0
261.1737,1878.0
261.2444,1718.0
261.3149,1528.0
261.3854,1549.0
261.456,1386.0
261.5266,1493.0
261.5971,1427.0
261.6677,1450.0
261.7383,1474.0
261.8088,1547.0
261.8794,1424.0
261.9499,1587.0
262.0205,1475.0
262.091,1587.0
262.1615,1501.0
262.2321,1570.0
262.3026,1533.0
262.3731,1569.0
262.4437,1493.0
262.5142,1528.0
262.5847,1445.0
262.6552,1578.0
262.7257,1544.0
262.7962,1666.0
262.8668,1534.0
262.9373,1700.0
263.0078,1651.0
263.0783,1778.0
263.1488,1905.0
263.2193,1927.0
263.2898,1868.0
263.3603,1871.0
263.4307,1861.0
263.5012,2010.0
263.5717,1963.0
263.6422,2180.0
263.7127,2069.0
263.7831,2198.0
263.8536,2245.0
263.9241,2447.0
263.9945,2408.0
264.065,2634.0
264.1354,2699.0
264.2059,2796.0
264.2764,2763.0
264.3468,2924.0
264.4173,3079.0
264.4877,3135.0
264.5581,2974.0
264.6286,3403.0
264.699,3318.0
264.7694,3119.0
264.8399,2605.0
264.9103,2425.0
264.9807,2209.0
265.0511,2229.0
265.1216,2035.0
265.192,2006.0
265.2625,1784.0
265.3328,1878.0
265.4032,1682.0
265.4736,1701.0
265.5441,1653.0
265.6144,1624.0
265.6848,1487.0
265.7552,1571.0
265.8256,1422.0
265.896,1468.0
265.9664,1368.0
266.0368,1443.0
266.1071,1365.0
266.1775,1415.0
266.2479,1366.0
266.3183,1370.0
266.3886,1273.0
266.459,1412.0
266.5294,1301.0
266.5998,1351.0
266.6701,1221.0
266.7404,1332.0
266.8108,1286.0
266.8812,1394.0
266.9515,1367.0
267.0219,1458.0
267.0922,1304.0
267.1625,1389.0
267.2328,1329.0
267.3032,1425.0
267.3735,1237.0
267.4438,1376.0
267.5142,1300.0
267.5845,1446.0
267.6548,1406.0
267.7251,1456.0
267.7954,1390.0
267.8657,1492.0
267.936,1453.0
268.0063,1733.0
268.0766,1596.0
268.1469,1645.0
268.2172,1450.0
268.2875,1458.0
268.3578,1370.0
268.4281,1344.0
268.4984,1292.0
268.5686,1335.0
268.6389,1245.0
268.7092,1289.0
268.7794,1324.0
268.8498,1410.0
268.92,1419.0
268.9902,1470.0
269.0605,1446.0
269.1308,1472.0
269.201,1509.0
269.2713,1479.0
269.3415,1343.0
269.4118,1509.0
269.482,1522.0
269.5523,1608.0
269.6225,1643.0
269.6927,1867.0
269.7629,1852.0
269.8332,2149.0
269.9034,2176.0
269.9736,2229.0
270.0439,2073.0
270.114,2142.0
270.1843,2106.0
270.2545,2090.0
270.3247,1960.0
270.3949,1852.0
270.4651,1649.0
270.5353,1661.0
270.6055,1515.0
270.6757,1576.0
270.7459,1524.0
270.8161,1514.0
270.8863,1388.0
270.9564,1395.0
271.0266,1366.0
271.0968,1392.0
271.167,1325.0
271.2371,1370.0
271.3073,1355.0
271.3775,1485.0
271.4476,1364.0
271.5178,1506.0
271.588,1583.0
271.6581,1797.0
271.7282,1704.0
271.7984,1772.0
271.8685,1705.0
271.9387,1689.0
272.0088,1524.0
272.0789,1498.0
272.1491,1444.0
272.2192,1534.0
272.2893,1422.0
272.3595,1446.0
272.4296,1423.0
272.4997,1608.0
272.5698,1591.0
272.64,1763.0
272.7101,1525.0
272.7802,1615.0
272.8503,1500.0
272.9204,1611.0
272.9904,1621.0
273.0605,1854.0
273.1306,2005.0
273.2007,2246.0
273.2708,2033.0
273.3409,2148.0
273.411,1907.0
273.481,1778.0
273.5511,1871.0
273.6212,1720.0
273.6913,1658.0
273.7614,1845.0
273.8314,1743.0
273.9015,1949.0
273.9715,2018.0
274.0416,2113.0
274.1116,2062.0
274.1817,2179.0
274.2517,2430.0
274.3217,2487.0
274.3918,2316.0
274.4619,2401.0
274.5319,2309.0
274.602,2613.0
274.6719,2861.0
274.742,3172.0
274.812,2932.0
274.882,2934.0
274.952,2870.0
275.0221,3136.0
275.0921,3276.0
275.1621,3832.0
275.2321,4075.0
275.3021,4081.0
275.3721,3632.0
275.4421,3208.0
275.5121,2864.0
275.5821,2645.0
275.6521,2500.0
275.722,2614.0
275.792,2720.0
275.862,2710.0
275.932,2448.0
276.002,2512.0
276.0719,2457.0
276.1418,2698.0
276.2119,2399.0
276.2818,2346.0
276.3517,2170.0
276.4218,2336.0
276.4917,2597.0
276.5616,2435.0
276.6316,2017.0
276.7015,1981.0
276.7715,1784.0
276.8414,1786.0
276.9113,1615.0
276.9813,1776.0
277.0512,1694.0
277.1211,1666.0
277.191,1663.0
277.261,1681.0
277.3309,1622.0
277.4008,1725.0
277.4707,1653.0
277.5406,1815.0
277.6105,1692.0
277.6804,1717.0
277.7503,1644.0
277.8202,1864.0
277.8901,1767.0
277.96,1936.0
278.0299,1916.0
278.0998,2090.0
278.1697,1990.0
278.2396,2047.0
278.3094,2028.0
278.3793,2112.0
278.4492,1973.0
278.519,2119.0
278.5889,2191.0
278.6588,2362.0
278.7286,2236.0
278.7985,2448.0
278.8683,2379.0
278.9382,2373.0
279.0081,2199.0
279.0779,2242.0
279.1477,2114.0
279.2176,2079.0
279.2874,1984.0
279.3572,2099.0
279.4271,1925.0
279.4969,2139.0
279.5667,2271.0
279.6365,2334.0
279.7063,2289.0
279.7762,2392.0
279.846,2333.0
279.9158,2641.0
279.9856,2725.0
280.0554,3176.0
280.1252,3312.0
280.195,3356.0
280.2648,3444.0
280.3346,3496.0
280.4044,3602.0
280.4742,4154.0
280.544,4660.0
280.6137,4602.0
280.6835,3964.0
280.7533,3727.0
280.8231,3517.0
280.8928,3858.0
280.9626,4153.0
281.0323,5048.0
281.1021,5099.0
281.1719,4632.0
281.2416,3829.0
281.3114,3520.0
281.3811,3184.0
281.4509,3183.0
281.5206,3098.0
281.5904,3486.0
281.6601,3822.0
281.7299,4290.0
281.7996,5279.0
281.8693,5667.0
281.939,4977.0
282.0088,4665.0
282.0784,4155.0
282.1482,3871.0
282.2179,3597.0
282.2876,3380.0
282.3573,3064.0
282.427,3137.0
282.4967,3213.0
282.5664,3602.0
282.6361,4198.0
282.7058,5130.0
282.7755,6198.0
282.8452,7556.0
282.9149,7711.0
282.9845,6705.0
283.0542,5897.0
283.1239,5293.0
283.1936,5334.0
283.2632,5287.0
283.3329,4006.0
283.4026,3786.0
283.4722,3632.0
283.5419,3605.0
283.6115,3459.0
283.6812,3577.0
283.7508,3479.0
283.8205,3452.0
283.8901,3244.0
283.9597,3639.0
284.0294,3998.0
284.099,4217.0
284.1686,5028.0
284.2383,5140.0
284.3079,3443.0
284.3775,2929.0
284.4471,2806.0
284.5168,2956.0
284.5864,3046.0
284.656,3369.0
284.7256,3240.0
284.7952,3073.0
284.8648,2980.0
284.9344,2971.0
285.004,3016.0
285.0736,3412.0
285.1432,3822.0
285.2128,3450.0
285.2823,3013.0
285.3519,3220.0
285.4215,3374.0
285.4911,3435.0
285.5606,3701.0
285.6302,4402.0
285.6998,4544.0
285.7693,4541.0
285.8389,4441.0
285.9084,4358.0
285.978,3973.0
286.0475,4096.0
286.1171,4572.0
286.1866,5296.0
286.2562,6239.0
286.3257,5132.0
286.3952,4218.0
286.4648,3800.0
286.5343,3342.0
286.6039,3231.0
286.6733,3142.0
286.7429,3357.0
286.8124,3650.0
286.8819,4485.0
286.9514,4371.0
287.0209,4485.0
287.0904,4238.0
287.1599,4155.0
287.2294,3732.0
287.299,3547.0
287.3684,3548.0
287.4379,3781.0
287.5074,4215.0
287.5769,5026.0
287.6464,5357.0
287.7159,6338.0
287.7853,6888.0
287.8548,5143.0
287.9243,3969.0
287.9937,3404.0
288.0632,3305.0
288.1327,3166.0
288.2021,3465.0
288.2716,4016.0
288.341,4678.0
288.4105,6784.0
288.4799,6029.0
288.5493,4284.0
288.6188,3412.0
288.6882,3303.0
288.7577,3610.0
288.8271,4034.0
288.8965,4668.0
288.9659,4866.0
289.0354,4491.0
289.1048,4981.0
289.1742,4147.0
289.2436,3298.0
289.313,2817.0
289.3824,2653.0
289.4518,2432.0
289.5212,2363.0
289.5906,2313.0
289.66,2224.0
289.7294,2114.0
289.7988,2226.0
289.8682,2207.0
289.9376,2262.0
290.007,2126.0
290.0764,2265.0
290.1457,2135.0
290.2151,2321.0
290.2844,2341.0
290.3538,2489.0
290.4232,2536.0
290.4925,2783.0
290.5619,3030.0
290.6312,3602.0
290.7006,4082.0
290.7699,4202.0
290.8393,4067.0
290.9086,3961.0
290.978,3849.0
291.0473,3745.0
291.1166,3411.0
291.1859,3623.0
291.2553,3706.0
291.3246,3536.0
291.3939,3532.0
291.4632,3595.0
291.5325,3683.0
291.6018,3753.0
291.6712,3566.0
291.7405,3356.0
291.8098,3087.0
291.8791,3133.0
291.9484,2962.0
292.0176,3073.0
292.0869,3036.0
292.1562,3185.0
292.2255,3106.0
292.2948,3223.0
292.3641,3270.0
292.4334,3432.0
292.5026,3360.0
292.5719,3485.0
292.6412,3601.0
292.7104,4009.0
292.7797,4204.0
292.8489,4716.0
292.9182,4460.0
292.9875,4358.0
293.0567,4344.0
293.1259,4942.0
293.1952,4778.0
293.2644,4380.0
293.3336,4089.0
293.4029,4028.0
293.4721,3737.0
293.5413,4097.0
293.6106,4518.0
293.6798,5004.0
293.749,4956.0
293.8182,5044.0
293.8875,5452.0
293.9566,5353.0
294.0259,5180.0
294.0951,5412.0
294.1642,6010.0
294.2334,6962.0
294.3026,6554.0
294.3718,6090.0
294.441,5862.0
294.5102,6093.0
294.5794,6591.0
294.6485,6301.0
294.7177,5331.0
294.7869,4963.0
294.8561,4788.0
294.9253,4073.0
294.9944,3522.0
295.0636,3407.0
295.1327,3185.0
295.2019,3554.0
295.271,3698.0
295.3402,4141.0
295.4093,4699.0
295.4785,5694.0
295.5476,6075.0
295.6168,6147.0
295.6859,5784.0
295.755,5241.0
295.8241,5073.0
295.8932,5515.0
295.9623,5431.0
296.0315,5144.0
296.1006,4590.0
296.1697,4084.0
296.2388,3597.0
296.3079,3287.0
296.377,3074.0
296.4461,3061.0
296.5152,3022.0
296.5843,3108.0
296.6534,2823.0
296.7225,2899.0
296.7916,2602.0
296.8606,2619.0
296.9297,2410.0
296.9988,2555.0
297.0679,2477.0
297.137,2463.0
297.206,2453.0
297.2751,2557.0
297.3441,2437.0
297.4132,2536.0
297.4823,2509.0
297.5513,2562.0
297.6204,2642.0
297.6894,2984.0
297.7584,3026.0
297.8275,3422.0
297.8965,3493.0
297.9655,3783.0
298.0346,3774.0
298.1036,3933.0
298.1726,4249.0
298.2417,4762.0
298.3106,5513.0
298.3797,6427.0
298.4487,7234.0
298.5177,6466.0
298.5867,4985.0
298.6557,4046.0
298.7247,3449.0
298.7937,2963.0
298.8627,2601.0
298.9317,2666.0
299.0007,2591.0
299.0696,2712.0
299.1386,2465.0
299.2076,2370.0
299.2766,2251.0
299.3456,2207.0
299.4145,2078.0
299.4835,2102.0
299.5524,1995.0
299.6214,2139.0
299.6903,1957.0
299.7593,2043.0
299.8282,1883.0
299.8972,1953.0
299.9661,1927.0
300.0351,2004.0
300.104,1937.0
300.173,1919.0
300.2419,1840.0
300.3108,1817.0
300.3797,1756.0
300.4487,1868.0
300.5176,1691.0
300.5865,1838.0
300.6554,1764.0
300.7243,1794.0
300.7932,1780.0
300.8621,1937.0
300.931,1871.0
300.9999,1930.0
301.0688,1735.0
301.1377,1770.0
301.2066,1780.0
301.2755,1943.0
301.3444,1923.0
301.4132,2123.0
301.4821,2215.0
301.551,2664.0
301.6199,3175.0
301.6887,4655.0
301.7576,5519.0
301.8265,3843.0
301.8953,2884.0
301.9642,2519.0
302.033,2297.0
302.1019,2461.0
302.1707,2387.0
302.2396,2718.0
302.3084,2941.0
302.3772,3154.0
302.4461,3142.0
302.5149,3013.0
302.5837,2729.0
302.6526,2682.0
302.7214,2561.0
302.7902,2887.0
302.859,3162.0
302.9278,4012.0
302.9966,5171.0
303.0654,4136.0
303.1342,2763.0
303.203,2519.0
303.2718,2208.0
303.3406,2187.0
303.4094,2012.0
303.4781,1987.0
303.547,1885.0
303.6158,2062.0
303.6845,2031.0
303.7533,2176.0
303.8221,2255.0
303.8908,2534.0
303.9596,2323.0
304.0284,2355.0
304.0971,2264.0
304.1659,2411.0
304.2346,2491.0
304.3034,2781.0
304.3721,3079.0
304.4409,3414.0
304.5096,3611.0
304.5784,3969.0
304.6471,4512.0
304.7158,4627.0
304.7845,3683.0
304.8533,3535.0
304.922,3332.0
304.9907,2960.0
305.0594,2725.0
305.1281,2721.0
305.1969,2723.0
305.2656,2850.0
305.3343,2910.0
305.403,3278.0
305.4717,3488.0
305.5403,3803.0
305.609,4593.0
305.6778,6059.0
305.7464,6667.0
305.8151,8030.0
305.8838,6779.0
305.9525,6038.0
306.0211,5249.0
306.0898,4537.0
306.1585,4261.0
306.2271,4279.0
306.2958,4513.0
306.3645,5444.0
306.4331,5804.0
306.5017,6888.0
306.5704,8833.0
306.6391,10690.0
306.7077,7540.0
306.7763,5748.0
306.845,4928.0
306.9136,5190.0
306.9822,5577.0
307.0508,6790.0
307.1195,9040.0
307.1881,11584.0
307.2567,12827.0
307.3253,12128.0
307.3939,10411.0
307.4625,11174.0
307.5312,12208.0
307.5998,9861.0
307.6684,8392.0
307.7369,8789.0
307.8055,11023.0
307.8741,12074.0
307.9427,9220.0
308.0113,6934.0
308.0799,5854.0
308.1484,5421.0
308.217,5167.0
308.2856,5170.0
308.3542,5057.0
308.4227,5465.0
308.4913,5774.0
308.5598,6685.0
308.6284,8181.0
308.6969,10442.0
308.7655,13226.0
308.834,13355.0
308.9026,11700.0
308.9711,10130.0
309.0396,6943.0
309.1082,5529.0
309.1767,4565.0
309.2452,4090.0
309.3138,3613.0
309.3823,3569.0
309.4508,3442.0
309.5193,3710.0
309.5878,3991.0
309.6563,4946.0
309.7249,6022.0
309.7933,4395.0
309.8618,3535.0
309.9303,3317.0
309.9988,3283.0
310.0673,3879.0
310.1358,4383.0
310.2043,5187.0
310.2728,6260.0
310.3412,8549.0
310.4097,9457.0
310.4781,8795.0
310.5466,8259.0
310.6151,8594.0
310.6836,6440.0
310.752,4826.0
310.8205,4239.0
310.8889,4223.0
310.9574,4127.0
311.0258,4720.0
311.0943,4445.0
311.1627,4111.0
311.2311,3779.0
311.2996,3395.0
311.368,3126.0
311.4364,3236.0
311.5049,3287.0
311.5733,3647.0
311.6417,3889.0
311.7101,4959.0
311.7785,5684.0
311.8469,4945.0
311.9153,4937.0
311.9837,5484.0
312.0521,4353.0
312.1205,3720.0
312.1889,3280.0
312.2573,3346.0
312.3257,3110.0
312.3941,2972.0
312.4624,2814.0
312.5308,2900.0
312.5992,2757.0
312.6675,2939.0
312.7359,3040.0
312.8043,3449.0
312.8727,3694.0
312.941,4024.0
313.0093,3971.0
313.0777,4370.0
313.1461,3706.0
313.2144,3203.0
313.2827,2816.0
313.3511,2723.0
313.4194,2489.0
313.4877,2451.0
313.5561,2335.0
313.6244,2430.0
313.6927,2283.0
313.761,2348.0
313.8294,2065.0
313.8977,2267.0
313.966,2159.0
314.0343,2381.0
314.1026,2366.0
314.1709,2718.0
314.2392,2763.0
314.3075,2891.0
314.3758,3482.0
314.4441,3247.0
314.5124,2809.0
314.5806,2779.0
314.6489,2645.0
314.7172,2947.0
314.7855,3705.0
314.8537,3626.0
314.922,2917.0
314.9903,2792.0
315.0585,2731.0
315.1268,3128.0
315.195,3855.0
315.2633,4760.0
315.3315,4144.0
315.3998,4639.0
315.468,4816.0
315.5362,4775.0
315.6045,4934.0
315.6727,4190.0
315.7409,3817.0
315.8092,3794.0
315.8774,4067.0
315.9456,4591.0
316.0138,5349.0
316.082,7186.0
316.1502,10269.0
316.2184,11921.0
316.2867,11461.0
316.3549,8720.0
316.423,6853.0
316.4912,6622.0
316.5594,5846.0
316.6276,5658.0
316.6958,5828.0
316.764,7088.0
316.8322,9803.0
316.9003,10511.0
316.9685,7655.0
317.0367,5832.0
317.1049,4522.0
317.173,3969.0
317.2411,3717.0
317.3093,3547.0
317.3774,3578.0
317.4456,3769.0
317.5137,3640.0
317.5819,3362.0
317.65,3009.0
317.7182,3075.0
317.7863,2920.0
317.8545,2926.0
317.9225,2951.0
317.9907,2996.0
318.0588,2905.0
318.1269,3144.0
318.195,3297.0
318.2631,3377.0
318.3312,3442.0
318.3994,3508.0
318.4675,3480.0
318.5355,3716.0
318.6036,4110.0
318.6717,4673.0
318.7398,4286.0
318.8079,4326.0
318.876,5164.0
318.9441,7211.0
319.0121,9944.0
319.0802,13067.0
319.1483,11219.0
319.2164,8952.0
319.2844,6913.0
319.3525,6128.0
319.4205,5803.0
319.4886,6123.0
319.5566,6128.0
319.6247,5748.0
319.6927,5326.0
319.7608,5287.0
319.8288,4985.0
319.8968,5254.0
319.9648,6022.0
320.0329,6977.0
320.1009,7325.0
320.1689,9290.0
320.237,12245.0
320.305,10795.0
320.373,7790.0
320.441,6102.0
320.509,4829.0
320.577,4488.0
320.645,4295.0
320.713,3987.0
320.781,3757.0
320.849,3652.0
320.917,3584.0
320.985,3657.0
321.0529,3599.0
321.1209,3812.0
321.1889,4038.0
321.2568,4548.0
321.3248,5114.0
321.3928,5903.0
321.4608,7114.0
321.5287,7099.0
321.5966,8260.0
321.6646,11859.0
321.7325,12183.0
321.8005,12217.0
321.8684,10943.0
321.9364,8308.0
322.0043,7189.0
322.0722,7449.0
322.1401,8294.0
322.2081,11089.0
322.276,13690.0
322.344,12540.0
322.4119,13236.0
322.4797,11451.0
322.5477,9092.0
322.6156,9043.0
322.6835,9328.0
322.7514,10772.0
322.8193,13989.0
322.8871,16930.0
322.955,16061.0
323.0229,13098.0
323.0908,12100.0
323.1588,13706.0
323.2266,16027.0
323.2945,16710.0
323.3623,18459.0
323.4302,20108.0
323.4981,20115.0
323.5659,20045.0
323.6338,20145.0
323.7016,18791.0
323.7695,17088.0
323.8373,17925.0
323.9052,18726.0
323.973,17250.0
324.0409,14315.0
324.1087,14400.0
324.1765,15724.0
324.2444,13023.0
324.3122,9197.0
324.38,7393.0
324.4479,6534.0
324.5157,6512.0
324.5834,6885.0
324.6512,7872.0
324.7191,9546.0
324.7869,13433.0
324.8547,15866.0
324.9225,13164.0
324.9903,10286.0
325.058,10065.0
325.1259,12294.0
325.1936,15211.0
325.2614,15950.0
325.3292,14263.0
325.397,13086.0
325.4647,9885.0
325.5325,6873.0
325.6002,5785.0
325.668,5453.0
325.7358,5527.0
325.8036,5922.0
325.8713,6718.0
325.939,8042.0
326.0068,10334.0
326.0745,13595.0
326.1422,16269.0
326.21,13377.0
326.2777,9311.0
326.3455,7469.0
326.4132,5941.0
326.4809,4660.0
326.5486,4252.0
326.6164,3889.0
326.6841,3758.0
326.7518,3672.0
326.8195,3954.0
326.8872,4350.0
326.9549,5092.0
327.0226,6085.0
327.0903,8556.0
327.158,12039.0
327.2256,9941.0
327.2933,6404.0
327.361,5424.0
327.4287,5026.0
327.4964,5407.0
327.5641,5830.0
327.6317,7308.0
327.6994,8616.0
327.767,11031.0
327.8347,13451.0
327.9023,11991.0
327.97,8456.0
328.0376,6986.0
328.1053,6323.0
328.1729,8045.0
328.2406,8727.0
328.3082,6008.0
328.3759,5051.0
328.4435,4991.0
328.5111,5552.0
328.5787,6689.0
328.6463,8732.0
328.7139,13027.0
328.7816,13651.0
328.8492,10100.0
328.9168,6284.0
328.9843,4784.0
329.052,3741.0
329.1196,3361.0
329.1872,3444.0
329.2548,3118.0
329.3224,2768.0
329.3899,2732.0
329.4575,2576.0
329.5251,2650.0
329.5927,2607.0
329.6602,2522.0
329.7278,2422.0
329.7953,2608.0
329.8629,2497.0
329.9305,2779.0
329.998,2503.0
330.0656,2445.0
330.1331,2488.0
330.2007,2640.0
330.2682,2453.0
330.3358,2483.0
330.4033,2516.0
330.4708,2576.0
330.5383,2678.0
330.6059,2958.0
330.6734,3295.0
330.7409,3608.0
330.8084,4322.0
330.876,5507.0
330.9435,4973.0
331.011,3901.0
331.0784,3180.0
331.1459,3253.0
331.2134,3327.0
331.2809,3628.0
331.3484,4016.0
331.4159,5202.0
331.4834,6628.0
331.5508,6099.0
331.6183,4576.0
331.6858,4584.0
331.7533,5603.0
331.8207,6476.0
331.8882,5455.0
331.9557,5706.0
332.0231,6514.0
332.0906,9085.0
332.1581,11604.0
332.2255,12269.0
332.2929,13871.0
332.3604,11679.0
332.4278,8394.0
332.4952,6708.0
332.5627,6180.0
332.6301,7391.0
332.6975,7673.0
332.7649,7271.0
332.8323,7966.0
332.8997,11530.0
332.9672,12651.0
333.0346,10308.0
333.102,9401.0
333.1694,11847.0
333.2368,9811.0
333.3042,7639.0
333.3716,7116.0
333.439,8714.0
333.5063,11221.0
333.5737,9741.0
333.6411,7409.0
333.7085,6832.0
333.7758,7113.0
333.8432,7640.0
333.9106,8812.0
333.9779,12044.0
334.0453,14640.0
334.1126,16334.0
334.18,15938.0
334.2473,13456.0
334.3147,10906.0
334.382,10336.0
334.4494,8879.0
334.5167,9309.0
334.584,10376.0
334.6514,13047.0
334.7187,14436.0
334.786,16933.0
334.8533,17940.0
334.9206,17378.0
334.9879,17265.0
335.0553,13990.0
335.1226,11032.0
335.1899,9714.0
335.2572,8387.0
335.3245,7298.0
335.3918,6999.0
335.459,7322.0
335.5263,6295.0
335.5936,6077.0
335.6609,6233.0
335.7282,6751.0
335.7954,7443.0
335.8627,8645.0
335.93,10608.0
335.9973,13632.0
336.0645,15575.0
336.1318,15471.0
336.199,12746.0
336.2662,9486.0
336.3335,7228.0
336.4008,6213.0
336.468,5695.0
336.5352,5777.0
336.6024,6109.0
336.6697,5616.0
336.7369,5210.0
336.8041,5365.0
336.8714,6062.0
336.9386,6886.0
337.0058,8154.0
337.073,10117.0
337.1402,12508.0
337.2074,15079.0
337.2746,14909.0
337.3418,12243.0
337.409,9328.0
337.4762,7120.0
337.5434,5841.0
337.6106,5312.0
337.6777,5245.0
337.7449,6006.0
337.8121,5684.0
337.8792,6620.0
337.9464,8654.0
338.0135,10490.0
338.0807,8579.0
338.1479,8344.0
338.2151,9400.0
338.2822,12019.0
338.3493,13717.0
338.4165,12079.0
338.4836,8700.0
338.5508,7628.0
338.6179,7025.0
338.6851,7966.0
338.7521,10147.0
338.8193,8300.0
338.8864,5832.0
338.9535,4418.0
339.0206,3693.0
339.0878,3595.0
339.1548,3434.0
339.222,3920.0
339.289,4411.0
339.3561,5894.0
339.4233,8103.0
339.4904,6241.0
339.5574,3832.0
339.6245,2945.0
339.6916,2445.0
339.7587,2451.0
339.8257,2306.0
339.8929,2268.0
339.9599,2184.0
340.0269,2302.0
340.094,2297.0
340.1611,2681.0
340.2281,3104.0
340.2952,2722.0
340.3622,2249.0
340.4293,2246.0
340.4963,2002.0
340.5633,2056.0
340.6304,1979.0
340.6974,2386.0
340.7645,1983.0
340.8315,2079.0
340.8985,2048.0
340.9655,2309.0
341.0325,1977.0
341.0995,1965.0
341.1665,1859.0
341.2335,1836.0
341.3005,1796.0
341.3675,1818.0
341.4345,1688.0
341.5015,1835.0
341.5685,1790.0
341.6355,2054.0
341.7025,1973.0
341.7694,1872.0
341.8364,1755.0
341.9034,1737.0
341.9704,1675.0
342.0373,1726.0
342.1043,1682.0
342.1712,1727.0
342.2382,1608.0
342.3051,1667.0
342.3721,1605.0
342.4391,1605.0
342.506,1505.0
342.5729,1662.0
342.6398,1557.0
342.7068,1630.0
342.7737,1526.0
342.8406,1662.0
342.9076,1559.0
342.9745,1608.0
343.0414,1603.0
343.1083,1701.0
343.1752,1625.0
343.2421,1733.0
343.309,1642.0
343.3759,1699.0
343.4428,1724.0
343.5097,1730.0
343.5766,1640.0
343.6434,1667.0
343.7104,1601.0
343.7772,1702.0
343.8441,1677.0
343.9109,1814.0
343.9778,1789.0
344.0447,1952.0
344.1116,2055.0
344.1784,2408.0
344.2453,2751.0
344.3121,3604.0
344.3789,5170.0
344.4458,5497.0
344.5127,3626.0
344.5795,2817.0
344.6463,2234.0
344.7131,2009.0
344.78,1924.0
344.8468,1993.0
344.9136,1910.0
344.9805,2083.0
345.0473,2228.0
345.1141,2588.0
345.1809,3216.0
345.2477,3701.0
345.3145,2961.0
345.3813,2920.0
345.4481,2928.0
345.5149,3722.0
345.5816,5498.0
345.6484,5342.0
345.7152,3680.0
345.782,2912.0
345.8488,2565.0
345.9155,2657.0
345.9823,2773.0
346.049,3448.0
346.1158,5208.0
346.1826,4612.0
346.2493,3206.0
346.3161,2632.0
346.3828,2240.0
346.4496,2364.0
346.5163,2658.0
346.5831,2405.0
346.6498,2024.0
346.7165,1930.0
346.7832,1662.0
346.85,1755.0
346.9167,1690.0
346.9834,1700.0
347.0501,1569.0
347.1168,1649.0
347.1835,1665.0
347.2502,1809.0
347.3169,1772.0
347.3836,1818.0
347.4503,1922.0
347.517,2222.0
347.5837,2610.0
347.6504,3926.0
347.717,4745.0
347.7837,3403.0
347.8504,2611.0
347.9171,2393.0
347.9837,2253.0
348.0504,2426.0
348.1171,2083.0
348.1837,2135.0
348.2504,2068.0
348.317,2204.0
348.3837,2343.0
348.4503,2433.0
348.5169,2361.0
348.5836,2384.0
348.6502,2198.0
348.7169,2311.0
348.7835,2354.0
348.8501,2500.0
348.9167,2956.0
348.9833,3333.0
349.0499,4111.0
349.1165,4503.0
349.1832,3416.0
349.2498,3122.0
349.3163,2650.0
349.3829,2559.0
349.4495,2349.0
349.5161,2474.0
349.5827,2301.0
349.6493,2373.0
349.7159,2149.0
349.7824,2400.0
349.849,2479.0
349.9156,2646.0
349.9821,2802.0
350.0487,3044.0
350.1153,3212.0
350.1818,3877.0
350.2484,4577.0
350.3149,6185.0
350.3814,8560.0
350.448,11304.0
350.5146,9072.0
350.5811,6212.0
350.6476,4718.0
350.7141,4426.0
350.7807,4342.0
350.8472,4768.0
350.9137,6028.0
350.9802,8347.0
351.0467,10197.0
351.1132,7663.0
351.1797,4840.0
351.2462,3542.0
351.3127,2781.0
351.3792,2528.0
351.4457,2289.0
351.5122,2216.0
351.5787,2205.0
351.6451,2440.0
351.7116,2362.0
351.7781,2690.0
351.8446,2910.0
351.911,3810.0
351.9775,5302.0
352.044,4815.0
352.1104,3269.0
352.1769,2657.0
352.2433,2197.0
352.3098,2061.0
352.3762,1957.0
352.4427,2014.0
352.5091,1794.0
352.5755,1796.0
352.642,1768.0
352.7084,1828.0
352.7748,1657.0
352.8412,1799.0
352.9077,1716.0
352.9741,1854.0
353.0405,1850.0
353.1068,2054.0
353.1732,2097.0
353.2396,2572.0
353.306,2949.0
353.3724,3663.0
353.4388,5015.0
353.5052,7022.0
353.5716,5336.0
353.638,3620.0
353.7043,2653.0
353.7707,2179.0
353.8371,1951.0
353.9034,1916.0
353.9698,1748.0
354.0362,1754.0
354.1025,1657.0
354.1689,1717.0
354.2352,1630.0
354.3016,1604.0
354.3679,1571.0
354.4342,1632.0
354.5005,1542.0
354.5669,1629.0
354.6332,1644.0
354.6996,1777.0
354.7659,1524.0
354.8322,1529.0
354.8985,1496.0
354.9648,1528.0
355.0311,1416.0
355.0974,1528.0
355.1637,1412.0
355.23,1544.0
355.2963,1408.0
355.3625,1474.0
355.4289,1396.0
355.4952,1538.0
355.5614,1430.0
355.6277,1554.0
355.694,1467.0
355.7603,1490.0
355.8265,1417.0
355.8928,1537.0
355.959,1517.0
356.0253,1653.0
356.0916,1727.0
356.1578,1836.0
356.224,1594.0
356.2903,1658.0
356.3565,1566.0
356.4228,1759.0
356.489,1890.0
356.5552,2187.0
356.6214,1883.0
356.6876,1695.0
356.7539,1523.0
356.8201,1589.0
356.8863,1515.0
356.9525,1613.0
357.0187,1603.0
357.0849,1757.0
357.1511,1706.0
357.2173,1899.0
357.2835,2112.0
357.3497,2493.0
357.4158,2064.0
357.482,1863.0
357.5482,1509.0
357.6144,1594.0
357.6805,1416.0
357.7467,1530.0
357.8128,1485.0
357.879,1446.0
357.9452,1383.0
358.0114,1486.0
358.0775,1347.0
358.1436,1414.0
358.2097,1343.0
358.2759,1409.0
358.342,1367.0
358.4082,1521.0
358.4743,1425.0
358.5404,1613.0
358.6065,1828.0
358.6726,2039.0
358.7387,1698.0
358.8049,1656.0
358.871,1380.0
358.9371,1508.0
359.0032,1347.0
359.0693,1525.0
359.1353,1396.0
359.2014,1544.0
359.2676,1768.0
359.3336,1853.0
359.3997,1858.0
359.4658,2320.0
359.5318,3330.0
359.5979,3210.0
359.664,2194.0
359.7301,1865.0
359.7961,1766.0
359.8622,1669.0
359.9282,1463.0
359.9943,1485.0
360.0603,1358.0
360.1264,1473.0
360.1924,1328.0
360.2585,1403.0
360.3244,1368.0
360.3905,1437.0
360.4565,1428.0
360.5225,1498.0
360.5885,1431.0
360.6546,1532.0
360.7206,1422.0
360.7866,1578.0
360.8526,1485.0
360.9185,1811.0
360.9846,1972.0
361.0506,1727.0
361.1165,1481.0
361.1825,1556.0
361.2485,1523.0
361.3145,1680.0
361.3805,1573.0
361.4465,1608.0
361.5124,1472.0
361.5784,1549.0
361.6443,1406.0
361.7103,1534.0
361.7762,1414.0
361.8422,1530.0
361.9082,1460.0
361.9741,1521.0
362.04,1437.0
362.106,1755.0
362.1719,1723.0
362.2379,2034.0
362.3038,2270.0
362.3697,3026.0
362.4356,4061.0
362.5015,3393.0
362.5675,2349.0
362.6334,2023.0
362.6993,1771.0
362.7652,1694.0
362.8311,1522.0
362.8969,1628.0
362.9629,1511.0
363.0287,1591.0
363.0947,1541.0
363.1605,1737.0
363.2264,1740.0
363.2923,1919.0
363.3582,2033.0
363.424,2508.0
363.4899,3344.0
363.5557,3064.0
363.6216,2181.0
363.6874,2060.0
363.7533,1954.0
363.8191,2106.0
363.885,2296.0
363.9508,2860.0
364.0167,3900.0
364.0825,5829.0
364.1483,5149.0
364.2142,4788.0
364.28,3594.0
364.3458,2592.0
364.4116,2074.0
364.4774,1998.0
364.5432,1846.0
364.609,1805.0
364.6748,1656.0
364.7406,1701.0
364.8065,1595.0
364.8722,1687.0
364.938,1584.0
365.0038,1682.0
365.0696,1706.0
365.1354,1999.0
365.2011,2193.0
365.2669,3264.0
365.3326,3507.0
365.3984,2813.0
365.4642,2101.0
365.5299,1990.0
365.5957,1814.0
365.6614,1995.0
365.7272,2356.0
365.7929,2730.0
365.8587,3181.0
365.9244,4531.0
365.9902,4281.0
366.0559,3628.0
366.1216,3821.0
366.1873,4440.0
366.253,3541.0
366.3188,2752.0
366.3845,2150.0
366.4502,1966.0
366.5159,1730.0
366.5816,1788.0
366.6473,1712.0
366.713,1689.0
366.7787,1647.0
366.8444,1875.0
366.91,1734.0
366.9757,1762.0
367.0414,1672.0
367.1071,2005.0
367.1727,1833.0
367.2384,1691.0
367.3041,1665.0
367.3697,1728.0
367.4354,1612.0
367.501,1746.0
367.5667,1693.0
367.6323,1978.0
367.698,1894.0
367.7636,2102.0
367.8292,2169.0
367.8948,2624.0
367.9605,2813.0
368.0261,3117.0
368.0918,3385.0
368.1573,4052.0
368.223,4952.0
368.2885,6668.0
368.3542,9056.0
368.4198,11894.0
368.4854,12372.0
368.551,9872.0
368.6165,6784.0
368.6821,4808.0
368.7477,3711.0
368.8133,3098.0
368.8789,2632.0
368.9445,2608.0
369.01,2146.0
369.0756,2033.0
369.1411,1875.0
369.2067,1888.0
369.2723,1672.0
369.3379,1825.0
369.4034,1856.0
369.4689,1927.0
369.5345,1674.0
369.6,1766.0
369.6656,1690.0
369.7311,1602.0
369.7966,1555.0
369.8622,1653.0
369.9277,1583.0
369.9932,1615.0
370.0587,1537.0
370.1242,1647.0
370.1897,1760.0
370.2552,1737.0
370.3207,1783.0
370.3862,2112.0
370.4517,2179.0
370.5172,2830.0
370.5827,3376.0
370.6482,2993.0
370.7136,2326.0
370.7791,2001.0
370.8446,1819.0
370.9101,1936.0
370.9756,1788.0
371.041,1657.0
371.1064,1514.0
371.1719,1495.0
371.2373,1358.0
371.3028,1540.0
371.3683,1426.0
371.4337,1495.0
371.4991,1535.0
371.5646,1659.0
371.63,1664.0
371.6954,1915.0
371.7608,1663.0
371.8263,1723.0
371.8917,1689.0
371.9571,1962.0
372.0225,2131.0
372.0879,3061.0
372.1533,2855.0
372.2187,2534.0
372.2841,2245.0
372.3495,2417.0
372.4149,2762.0
372.4803,2521.0
372.5457,1901.0
372.611,1716.0
372.6764,1556.0
372.7418,1721.0
372.8071,1718.0
372.8725,2142.0
372.9379,2456.0
373.0032,2102.0
373.0686,1704.0
373.1339,1639.0
373.1992,1515.0
373.2646,1660.0
373.3299,1581.0
373.3953,1706.0
373.4606,1643.0
373.5259,1743.0
373.5912,1826.0
373.6566,1866.0
373.7219,1899.0
373.7872,2293.0
373.8525,2567.0
373.9178,3111.0
373.9831,3843.0
374.0484,5885.0
374.1137,7538.0
374.179,6379.0
374.2443,4581.0
374.3096,3521.0
374.3749,2702.0
374.4401,2547.0
374.5054,2205.0
374.5706,2300.0
374.636,2310.0
374.7012,2843.0
374.7665,3241.0
374.8318,2950.0
374.897,2632.0
374.9622,2553.0
375.0275,2527.0
375.0927,2822.0
375.158,3135.0
375.2232,4140.0
375.2885,4122.0
375.3537,3783.0
375.4189,3641.0
375.4841,4117.0
375.5493,4950.0
375.6145,6251.0
375.6797,8355.0
375.745,10816.0
375.8101,12382.0
375.8754,13753.0
375.9406,13075.0
376.0057,12709.0
376.071,12706.0
376.1361,11045.0
376.2013,8022.0
376.2665,5883.0
376.3317,4420.0
376.3969,3535.0
376.462,3022.0
376.5272,2677.0
376.5923,2381.0
376.6575,2316.0
376.7226,2059.0
376.7878,2023.0
376.8529,1906.0
376.9181,2012.0
376.9832,1894.0
377.0483,2045.0
377.1135,2073.0
377.1786,1989.0
377.2437,1702.0
377.3089,1729.0
377.374,1756.0
377.4391,1756.0
377.5042,1880.0
377.5693,2033.0
377.6344,1780.0
377.6995,1686.0
377.7646,1518.0
377.8297,1574.0
377.8948,1498.0
377.9599,1470.0
378.025,1405.0
378.09,1477.0
378.1551,1401.0
378.2202,1493.0
378.2852,1397.0
378.3503,1576.0
378.4154,1570.0
378.4804,1804.0
378.5455,2074.0
378.6105,2032.0
378.6755,1672.0
378.7406,1627.0
378.8057,1562.0
378.8707,1653.0
378.9357,1410.0
379.0008,1482.0
379.0658,1255.0
379.1308,1421.0
379.1958,1372.0
379.2609,1425.0
379.3259,1331.0
379.3908,1439.0
379.4558,1428.0
379.5208,1540.0
379.5858,1468.0
379.6509,1471.0
379.7159,1423.0
379.7808,1454.0
379.8458,1340.0
379.9108,1474.0
379.9758,1321.0
380.0407,1513.0
380.1057,1371.0
380.1707,1454.0
380.2356,1361.0
380.3006,1450.0
380.3655,1314.0
380.4305,1411.0
380.4955,1313.0
380.5604,1456.0
380.6253,1401.0
380.6902,1461.0
380.7552,1349.0
380.8201,1460.0
380.885,1358.0
380.95,1404.0
381.0149,1480.0
381.0798,1584.0
381.1447,1516.0
381.2096,1781.0
381.2745,1936.0
381.3394,2158.0
381.4043,2128.0
381.4692,1898.0
381.5341,1570.0
381.5989,1532.0
381.6638,1467.0
381.7287,1606.0
381.7936,1439.0
381.8585,1561.0
381.9233,1408.0
381.9882,1441.0
382.053,1525.0
382.1179,1663.0
382.1828,1558.0
382.2476,1554.0
382.3124,1368.0
382.3773,1462.0
382.4421,1431.0
382.507,1509.0
382.5718,1559.0
382.6366,1694.0
382.7014,1727.0
382.7663,1989.0
382.8311,1674.0
382.8959,1653.0
382.9607,1531.0
383.0255,1571.0
383.0903,1562.0
383.1551,1679.0
383.2199,1688.0
383.2847,1897.0
383.3495,1905.0
383.4143,1897.0
383.479,1731.0
383.5438,1980.0
383.6086,1812.0
383.6734,1784.0
383.7381,1516.0
383.8029,1511.0
383.8676,1374.0
383.9324,1522.0
383.9972,1458.0
384.0619,1550.0
384.1266,1409.0
384.1914,1561.0
384.2562,1403.0
384.3209,1517.0
384.3856,1429.0
384.4503,1566.0
384.515,1520.0
384.5797,1719.0
384.6445,1500.0
384.7092,1540.0
384.7739,1489.0
384.8386,1618.0
384.9033,1469.0
384.968,1478.0
385.0327,1454.0
385.0974,1612.0
385.162,1699.0
385.2267,1908.0
385.2914,1937.0
385.3561,2065.0
385.4208,1722.0
385.4854,1723.0
385.5501,1648.0
385.6147,1744.0
385.6794,1854.0
385.7441,1995.0
385.8087,1831.0
385.8734,1822.0
385.938,1742.0
386.0027,1741.0
386.0673,1677.0
386.1319,1759.0
386.1966,1809.0
386.2612,1901.0
386.3258,1686.0
386.3904,1832.0
386.455,1887.0
386.5196,2086.0
386.5843,2174.0
386.6489,2217.0
386.7135,2182.0
386.778,2289.0
386.8426,2233.0
386.9072,2109.0
386.9718,1942.0
387.0364,1833.0
387.101,1922.0
387.1655,1880.0
387.2301,1960.0
387.2946,2171.0
387.3593,2090.0
387.4238,2213.0
387.4884,2084.0
387.5529,2158.0
387.6175,1855.0
387.682,1923.0
387.7466,1854.0
387.8111,2018.0
387.8756,1997.0
387.9402,2215.0
388.0047,2345.0
388.0692,2805.0
388.1337,3271.0
388.1982,3476.0
388.2628,3015.0
388.3272,2468.0
388.3918,2096.0
388.4563,2023.0
388.5208,1792.0
388.5852,1825.0
388.6497,1714.0
388.7142,1794.0
388.7787,1761.0
388.8432,1794.0
388.9077,1712.0
388.9721,1771.0
389.0366,1689.0
389.1011,1732.0
389.1655,1783.0
389.23,1922.0
389.2944,1973.0
389.3589,2130.0
389.4233,2104.0
389.4878,2203.0
389.5522,2191.0
389.6167,2374.0
389.6811,2457.0
389.7455,2788.0
389.8099,3267.0
389.8744,4163.0
389.9388,6107.0
390.0032,7878.0
390.0676,6714.0
390.132,5057.0
390.1964,3699.0
390.2608,3091.0
390.3252,2945.0
390.3896,3329.0
390.454,3060.0
390.5184,2635.0
390.5827,2083.0
390.6471,2100.0
390.7115,1998.0
390.7759,2054.0
390.8402,2069.0
390.9046,2257.0
390.9689,2330.0
391.0333,2749.0
391.0977,3041.0
391.162,3868.0
391.2264,5310.0
391.2907,7197.0
391.355,6408.0
391.4193,4950.0
391.4837,3690.0
391.548,3005.0
391.6123,2542.0
391.6767,2358.0
391.741,2107.0
391.8053,2213.0
391.8696,2004.0
391.9339,2105.0
391.9982,2069.0
392.0625,2219.0
392.1268,2126.0
392.1911,2122.0
392.2553,2030.0
392.3196,2248.0
392.3839,2419.0
392.4482,2375.0
392.5125,2087.0
392.5767,2237.0
392.641,2036.0
392.7053,1963.0
392.7695,1891.0
392.8338,2047.0
392.898,2312.0
392.9622,2270.0
393.0265,1987.0
393.0908,2107.0
393.155,2201.0
393.2192,2092.0
393.2834,1897.0
393.3477,1873.0
393.4118,1731.0
393.476,1720.0
393.5403,1456.0
393.6045,1668.0
393.6687,1570.0
393.7329,1597.0
393.7971,1626.0
393.8613,1654.0
393.9255,1528.0
393.9897,1625.0
394.0539,1516.0
394.118,1579.0
394.1822,1501.0
394.2464,1596.0
394.3105,1544.0
394.3747,1622.0
394.4389,1623.0
394.503,1716.0
394.5672,1672.0
394.6313,2008.0
394.6954,2445.0
394.7596,2867.0
394.8238,2720.0
394.8879,2206.0
394.952,1746.0
395.0161,1644.0
395.0803,1521.0
395.1444,1698.0
395.2085,1489.0
395.2726,1667.0
395.3367,1666.0
395.4008,1904.0
395.4649,1989.0
395.529,2756.0
395.5931,2811.0
395.6572,2747.0
395.7213,3084.0
395.7854,3096.0
395.8495,2348.0
395.9135,1983.0
395.9776,1693.0
396.0417,1784.0
396.1057,1666.0
396.1698,1936.0
396.2339,1923.0
396.2979,2108.0
396.362,1966.0
396.426,1851.0
396.4901,1580.0
396.5541,1515.0
396.6181,1426.0
396.6821,1449.0
396.7462,1363.0
396.8102,1434.0
396.8743,1385.0
396.9383,1481.0
397.0023,1440.0
397.0662,1461.0
397.1302,1395.0
397.1943,1460.0
397.2583,1348.0
397.3223,1452.0
397.3862,1350.0
397.4502,1455.0
397.5142,1366.0
397.5782,1490.0
397.6422,1444.0
397.7061,1597.0
397.7701,1497.0
397.8341,1619.0
397.898,1611.0
397.962,1946.0
398.0259,2314.0
398.0899,3066.0
398.1538,2979.0
398.2178,2575.0
398.2817,2039.0
398.3456,1869.0
398.4096,1757.0
398.4735,1747.0
398.5374,1701.0
398.6013,1791.0
398.6653,1770.0
398.7292,1912.0
398.7931,2041.0
398.857,2804.0
398.9209,3069.0
398.9848,2695.0
399.0487,2064.0
399.1125,1832.0
399.1765,1660.0
399.2404,1708.0
399.3042,1677.0
399.3681,1772.0
399.432,1742.0
399.4958,1834.0
399.5597,1902.0
399.6236,2146.0
399.6875,2406.0
399.7513,3313.0
399.8152,3441.0
399.879,2943.0
399.9428,2231.0
400.0067,1969.0
400.0705,1794.0
400.1343,1910.0
400.1982,1725.0
400.262,1929.0
400.3258,1746.0
400.3896,1781.0
400.4534,1703.0
400.5172,1846.0
400.581,1752.0
400.6448,1855.0
400.7086,1962.0
400.7724,2199.0
400.8362,2261.0
400.9,2216.0
400.9638,1885.0
401.0276,1899.0
401.0913,2055.0
401.1551,2360.0
401.2189,2164.0
401.2826,2226.0
401.3464,1885.0
401.4102,2047.0
401.4739,1878.0
401.5376,1998.0
401.6014,1959.0
401.6651,2012.0
401.7289,1815.0
401.7926,1943.0
401.8564,1749.0
401.92,1835.0
401.9838,1754.0
402.0475,1899.0
402.1112,1963.0
402.175,2072.0
402.2386,2009.0
402.3023,2265.0
402.366,2673.0
402.4297,2813.0
402.4934,2520.0
402.5571,2530.0
402.6208,2504.0
402.6845,2766.0
402.7482,3098.0
402.8118,2996.0
402.8755,2539.0
402.9392,2516.0
403.0028,2275.0
403.0665,2121.0
403.1301,1938.0
403.1938,1859.0
403.2574,1786.0
403.3211,1867.0
403.3847,1778.0
403.4484,1837.0
403.512,1695.0
403.5756,1773.0
403.6393,1653.0
403.7029,1701.0
403.7665,1562.0
403.8301,1607.0
403.8937,1578.0
403.9573,1700.0
404.0209,1514.0
404.0845,1589.0
404.1481,1511.0
404.2117,1619.0
404.2753,1586.0
404.3389,1597.0
404.4024,1500.0
404.466,1553.0
404.5296,1441.0
404.5932,1607.0
404.6567,1548.0
404.7203,1550.0
404.7838,1514.0
404.8474,1604.0
404.9109,1519.0
404.9745,1620.0
405.0381,1599.0
405.1016,1801.0
405.1651,1844.0
405.2286,2229.0
405.2922,2508.0
405.3557,2589.0
405.4193,2358.0
405.4828,2104.0
405.5462,1900.0
405.6097,1850.0
405.6733,1840.0
405.7368,1921.0
405.8003,1788.0
405.8638,1904.0
405.9272,1991.0
405.9907,2000.0
406.0542,1746.0
406.1177,1784.0
406.1812,1670.0
406.2446,1803.0
406.3081,1938.0
406.3716,2137.0
406.435,2056.0
406.4985,2045.0
406.562,1751.0
406.6254,1689.0
406.6888,1614.0
406.7523,1762.0
406.8157,1652.0
406.8791,1719.0
406.9426,1686.0
407.006,1723.0
407.0694,1675.0
407.1328,1750.0
407.1962,1597.0
407.2597,1699.0
407.3231,1605.0
407.3865,1759.0
407.4499,1673.0
407.5133,1724.0
407.5767,1837.0
407.64,1826.0
407.7034,2097.0
407.7668,2432.0
407.8302,2232.0
407.8936,2076.0
407.9569,1789.0
408.0203,1778.0
408.0836,1780.0
408.147,1986.0
408.2104,1758.0
408.2737,1774.0
408.3371,1579.0
408.4004,1632.0
408.4637,1479.0
408.5271,1579.0
408.5905,1509.0
408.6537,1555.0
408.7171,1436.0
408.7804,1605.0
408.8437,1521.0
408.907,1566.0
408.9703,1497.0
409.0336,1544.0
409.0969,1530.0
409.1602,1590.0
409.2235,1441.0
409.2868,1546.0
409.3501,1446.0
409.4134,1597.0
409.4767,1515.0
409.5399,1648.0
409.6032,1523.0
409.6665,1617.0
409.7297,1590.0
409.793,1765.0
409.8563,1718.0
409.9195,1627.0
409.9827,1562.0
410.046,1647.0
410.1092,1520.0
410.1725,1611.0
410.2357,1521.0
410.299,1577.0
410.3622,1543.0
410.4254,1606.0
410.4886,1539.0
410.5518,1568.0
410.615,1522.0
410.6782,1591.0
410.7414,1511.0
410.8046,1607.0
410.8678,1574.0
410.931,1577.0
410.9942,1553.0
411.0574,1653.0
411.1205,1629.0
411.1837,1845.0
411.2469,1676.0
411.3101,1706.0
411.3733,1528.0
411.4364,1622.0
411.4995,1508.0
411.5627,1622.0
411.6259,1497.0
411.689,1626.0
411.7521,1599.0
411.8153,1732.0
411.8784,1657.0
411.9415,1768.0
412.0046,1743.0
412.0678,1871.0
412.1309,1976.0
412.194,2154.0
412.2571,2178.0
412.3203,2065.0
412.3833,1905.0
412.4464,1876.0
412.5096,1711.0
412.5727,1779.0
412.6357,1918.0
412.6988,2052.0
412.7619,1978.0
412.825,1981.0
412.8881,1813.0
412.9511,1805.0
413.0142,1628.0
413.0772,1733.0
413.1403,1594.0
413.2033,1662.0
413.2664,1560.0
413.3294,1584.0
413.3925,1492.0
413.4555,1705.0
413.5186,1679.0
413.5816,1750.0
413.6446,1754.0
413.7076,1742.0
413.7707,1520.0
413.8337,1713.0
413.8967,1561.0
413.9597,1677.0
414.0227,1561.0
414.0857,1704.0
414.1487,1682.0
414.2117,1784.0
414.2747,1638.0
414.3376,1692.0
414.4006,1518.0
414.4636,1671.0
414.5266,1616.0
414.5896,1681.0
414.6525,1638.0
414.7155,1749.0
414.7784,1641.0
414.8414,1722.0
414.9044,1760.0
414.9673,1993.0
415.0303,1860.0
415.0932,1926.0
415.1561,1801.0
415.2191,1700.0
415.282,1652.0
415.3449,1690.0
415.4079,1651.0
415.4708,1730.0
415.5336,1600.0
415.5966,1790.0
415.6595,1809.0
415.7224,1961.0
415.7853,1921.0
415.8482,2238.0
415.9111,2191.0
415.9739,2388.0
416.0368,2466.0
416.0997,2810.0
416.1626,3051.0
416.2255,4003.0
416.2883,4794.0
416.3512,4743.0
416.414,4085.0
416.4769,3421.0
416.5397,2843.0
416.6026,2651.0
416.6654,2257.0
416.7283,2300.0
416.7911,2192.0
416.8539,2393.0
416.9167,2449.0
416.9796,2850.0
417.0424,3324.0
417.1052,4090.0
417.168,4096.0
417.2308,3820.0
417.2936,3285.0
417.3564,2918.0
417.4193,2383.0
417.4821,2194.0
417.5448,1996.0
417.6076,1974.0
417.6704,1759.0
417.7332,1855.0
417.796,1729.0
417.8587,1748.0
417.9215,1719.0
417.9842,1793.0
418.047,1667.0
418.1098,1748.0
418.1725,1708.0
418.2353,1811.0
418.298,1774.0
418.3607,1985.0
418.4235,1846.0
418.4862,2220.0
418.549,2165.0
418.6117,2087.0
418.6744,1900.0
418.7371,1885.0
418.7998,1732.0
418.8625,1824.0
418.9252,1753.0
418.9879,1822.0
419.0507,1634.0
419.1133,1696.0
419.176,1716.0
419.2387,1788.0
419.3014,1635.0
419.3641,1735.0
419.4268,1756.0
419.4894,1728.0
419.5521,1558.0
419.6147,1711.0
419.6774,1665.0
419.7401,1710.0
419.8027,1710.0
419.8654,1781.0
419.928,1783.0
419.9906,1906.0
420.0533,1831.0
420.1159,1843.0
420.1785,1800.0
420.2411,1875.0
420.3038,1855.0
420.3664,1837.0
420.429,1705.0
420.4916,1818.0
420.5542,1729.0
420.6168,1825.0
420.6794,1720.0
420.742,1800.0
420.8046,1747.0
420.8672,1764.0
420.9297,1790.0
420.9923,1896.0
421.0549,1762.0
421.1175,1859.0
421.18,1762.0
421.2426,1863.0
421.3052,1746.0
421.3677,1863.0
421.4303,1761.0
421.4928,1747.0
421.5554,1701.0
421.6179,1831.0
421.6804,1783.0
421.743,1754.0
421.8055,1773.0
421.868,1830.0
421.9305,1583.0
421.993,1771.0
422.0556,1669.0
422.1181,1706.0
422.1806,1661.0
422.2431,1723.0
422.3055,1657.0
422.368,1796.0
422.4305,1729.0
422.493,1802.0
422.5555,1701.0
422.618,1766.0
422.6805,1750.0
422.7429,1794.0
422.8054,1709.0
422.8679,1726.0
422.9303,1577.0
422.9928,1709.0
423.0552,1559.0
423.1177,1660.0
423.1801,1549.0
423.2425,1642.0
423.305,1538.0
423.3674,1709.0
423.4298,1696.0
423.4922,1718.0
423.5547,1621.0
423.617,1873.0
423.6795,1816.0
423.7419,1942.0
423.8043,1801.0
423.8667,1808.0
423.9291,1634.0
423.9915,1708.0
424.0538,1611.0
424.1163,1768.0
424.1786,1604.0
424.241,1735.0
424.3034,1592.0
424.3658,1699.0
424.4281,1642.0
424.4905,1694.0
424.5529,1575.0
424.6152,1746.0
424.6775,1577.0
424.7399,1783.0
424.8022,1661.0
424.8646,1799.0
424.9269,1787.0
424.9892,1770.0
425.0515,1805.0
425.1139,1852.0
425.1762,1695.0
425.2385,1779.0
425.3008,1711.0
425.3631,1850.0
425.4254,1764.0
425.4877,1965.0
425.55,1863.0
425.6123,1867.0
425.6746,1859.0
425.7369,2000.0
425.7992,1814.0
425.8614,1949.0
425.9237,1867.0
425.9859,2039.0
426.0482,1992.0
426.1105,2195.0
426.1727,2364.0
426.235,2429.0
426.2972,2283.0
426.3595,2240.0
426.4217,2017.0
426.4839,2056.0
426.5462,1994.0
426.6084,1945.0
426.6706,1788.0
426.7328,1862.0
426.795,1824.0
426.8573,1901.0
426.9195,1826.0
426.9817,2008.0
427.0439,1945.0
427.1061,2080.0
427.1683,2106.0
427.2305,2261.0
427.2927,2236.0
427.3549,2526.0
427.417,2494.0
427.4792,2475.0
427.5413,2320.0
427.6035,2394.0
427.6657,2267.0
427.7278,2375.0
427.79,2247.0
427.8521,2204.0
427.9142,2173.0
427.9764,2371.0
428.0386,2291.0
428.1007,2507.0
428.1628,2622.0
428.2249,2638.0
428.287,2575.0
428.3492,2743.0
428.4113,2871.0
428.4734,3321.0
428.5355,3337.0
428.5976,3727.0
428.6597,3951.0
428.7218,3875.0
428.7839,4052.0
428.846,4464.0
428.9081,4813.0
428.9702,5235.0
429.0322,4651.0
429.0943,4328.0
429.1563,3806.0
429.2184,3772.0
429.2805,4049.0
429.3425,4163.0
429.4046,3896.0
429.4666,3953.0
429.5287,3542.0
429.5908,3530.0
429.6528,3499.0
429.7148,4330.0
429.7768,5178.0
429.8388,6377.0
429.9008,7953.0
429.9629,8575.0
430.0249,8077.0
430.0869,6933.0
430.1489,5572.0
430.2109,4576.0
430.2729,3773.0
430.3349,3604.0
430.3969,3704.0
430.4589,4486.0
430.5208,4530.0
430.5828,4168.0
430.6448,3942.0
430.7068,3842.0
430.7688,3231.0
430.8307,2999.0
430.8926,2682.0
430.9546,2493.0
431.0165,2349.0
431.0785,2483.0
431.1404,2683.0
431.2024,3157.0
431.2643,3196.0
431.3262,3734.0
431.3881,3923.0
431.4501,3575.0
431.512,3256.0
431.5739,2946.0
431.6358,2543.0
431.6977,2459.0
431.7596,2351.0
431.8215,2344.0
431.8834,2141.0
431.9453,2235.0
432.0072,2267.0
432.0691,2267.0
432.131,2152.0
432.1928,2122.0
432.2547,1907.0
432.3165,1925.0
432.3784,1973.0
432.4403,2118.0
432.5021,2057.0
432.564,2103.0
432.6258,1792.0
432.6876,1850.0
432.7495,1641.0
432.8113,1724.0
432.8732,1689.0
432.935,1846.0
432.9968,1767.0
433.0586,1736.0
433.1204,1706.0
433.1823,1688.0
433.2441,1581.0
433.3059,1611.0
433.3677,1728.0
433.4295,1733.0
433.4912,1884.0
433.5531,2094.0
433.6148,2507.0
433.6766,3026.0
433.7384,2860.0
433.8001,2614.0
433.8619,2211.0
433.9237,2009.0
433.9854,1849.0
434.0472,1820.0
434.1089,1757.0
434.1707,1683.0
434.2324,1684.0
434.2942,1824.0
434.3559,1688.0
434.4177,1738.0
434.4794,1647.0
434.5411,1660.0
434.6028,1570.0
434.6645,1598.0
434.7263,1463.0
434.788,1487.0
434.8497,1432.0
434.9113,1541.0
434.973,1437.0
435.0347,1605.0
435.0965,1465.0
435.1581,1502.0
435.2198,1434.0
435.2815,1538.0
435.3431,1412.0
435.4048,1468.0
435.4665,1375.0
435.5282,1413.0
435.5898,1407.0
435.6515,1462.0
435.7131,1444.0
435.7747,1493.0
435.8363,1352.0
435.898,1547.0
435.9597,1439.0
436.0213,1518.0
436.0829,1440.0
436.1445,1534.0
436.2061,1337.0
436.2678,1417.0
436.3294,1377.0
436.391,1546.0
436.4525,1491.0
436.5141,1580.0
436.5757,1604.0
436.6373,1984.0
436.6989,1997.0
436.7605,2025.0
436.8221,1958.0
436.8836,1810.0
436.9452,1700.0
437.0067,1646.0
437.0684,1526.0
437.1299,1581.0
437.1914,1473.0
437.253,1596.0
437.3145,1505.0
437.3761,1641.0
437.4376,1496.0
437.4992,1594.0
437.5607,1400.0
437.6222,1474.0
437.6837,1388.0
437.7452,1448.0
437.8067,1329.0
437.8683,1406.0
437.9298,1361.0
437.9913,1428.0
438.0528,1378.0
438.1143,1378.0
438.1757,1393.0
438.2372,1440.0
438.2987,1466.0
438.3602,1483.0
438.4217,1491.0
438.4831,1642.0
438.5446,1712.0
438.6061,1861.0
438.6675,1863.0
438.729,1883.0
438.7904,1711.0
438.8519,1848.0
438.9133,1694.0
438.9747,1869.0
439.0362,1893.0
439.0976,2099.0
439.159,2240.0
439.2204,2793.0
439.2819,3438.0
439.3433,4418.0
439.4047,4999.0
439.4661,4664.0
439.5275,4034.0
439.5889,3341.0
439.6503,2487.0
439.7116,2321.0
439.7731,2156.0
439.8345,2359.0
439.8958,2268.0
439.9572,2233.0
440.0186,2118.0
440.0799,2000.0
440.1413,1773.0
440.2027,1848.0
440.264,1714.0
440.3253,2089.0
440.3867,1970.0
440.448,1934.0
440.5093,1738.0
440.5707,1771.0
440.632,1558.0
440.6934,1629.0
440.7546,1645.0
440.816,1757.0
440.8773,1711.0
440.9386,2089.0
440.9999,2000.0
441.0612,2048.0
441.1225,1858.0
441.1838,1855.0
441.2451,1638.0
441.3063,1762.0
441.3677,1758.0
441.429,1783.0
441.4902,1719.0
441.5515,2093.0
441.6127,2361.0
441.674,2599.0
441.7353,2533.0
441.7965,2347.0
441.8578,2036.0
441.919,1914.0
441.9802,1891.0
442.0414,1936.0
442.1027,1901.0
442.164,2004.0
442.2252,1841.0
442.2864,1823.0
442.3476,1722.0
442.4088,1856.0
442.47,1940.0
442.5312,2192.0
442.5924,2389.0
442.6536,2279.0
442.7148,2062.0
442.776,1918.0
442.8372,1638.0
442.8984,1764.0
442.9596,1657.0
443.0207,1775.0
443.0819,1647.0
443.143,1781.0
443.2042,1708.0
443.2653,1856.0
443.3265,1823.0
443.3877,1739.0
443.4488,1612.0
443.5099,1668.0
443.5711,1606.0
443.6322,1709.0
443.6934,1637.0
443.7545,1794.0
443.8156,1708.0
443.8767,1941.0
443.9378,1898.0
443.9989,2160.0
444.0601,2289.0
444.1212,2620.0
444.1822,3034.0
444.2433,3797.0
444.3044,3772.0
444.3654,3502.0
444.4265,2844.0
444.4877,2299.0
444.5487,2012.0
444.6098,2056.0
444.6708,2069.0
444.7319,2472.0
444.7929,2751.0
444.854,3048.0
444.915,3070.0
444.9761,3138.0
445.0371,2810.0
445.0981,2555.0
445.1592,2534.0
445.2203,2959.0
445.2812,2863.0
445.3423,2691.0
445.4033,2535.0
445.4643,2781.0
445.5253,2357.0
445.5862,2607.0
445.6473,2551.0
445.7083,2267.0
445.7693,1726.0
445.8303,1616.0
445.8912,1445.0
445.9522,1483.0
446.0132,1445.0
446.0742,1547.0
446.1352,1552.0
446.1961,1802.0
446.257,1701.0
446.318,1850.0
446.379,1897.0
446.4399,2146.0
446.5009,2003.0
446.5618,2126.0
446.6227,2355.0
446.6836,3290.0
446.7446,3607.0
446.8055,2809.0
446.8664,2233.0
446.9273,2103.0
446.9883,2021.0
447.0491,1749.0
447.11,1430.0
447.171,1488.0
447.2319,1309.0
447.2927,1514.0
447.3536,1438.0
447.4145,1453.0
447.4753,1312.0
447.5363,1340.0
447.5971,1269.0
447.658,1433.0
447.7188,1344.0
447.7797,1532.0
447.8405,1514.0
447.9014,1720.0
447.9623,1778.0
448.0231,1610.0
448.0839,1418.0
448.1447,1389.0
448.2056,1348.0
448.2664,1431.0
448.3272,1407.0
448.3881,1419.0
448.4489,1374.0
448.5096,1550.0
448.5705,1543.0
448.6312,1743.0
448.6921,1757.0
448.7529,1695.0
448.8137,1373.0
448.8744,1493.0
448.9352,1491.0
448.9959,1606.0
449.0567,1479.0
449.1175,1486.0
449.1783,1364.0
449.239,1395.0
449.2998,1365.0
449.3605,1491.0
449.4213,1449.0
449.4821,1444.0
449.5428,1285.0
449.6035,1410.0
449.6642,1485.0
449.725,1644.0
449.7857,1686.0
449.8464,1830.0
449.9071,1911.0
449.9679,1954.0
450.0285,1632.0
450.0892,1643.0
450.1499,1701.0
450.2106,2183.0
450.2714,2231.0
450.332,1948.0
450.3927,1573.0
450.4534,1562.0
450.514,1409.0
450.5747,1403.0
450.6354,1368.0
450.696,1364.0
450.7567,1237.0
450.8174,1378.0
450.878,1297.0
450.9386,1456.0
450.9993,1362.0
451.0599,1462.0
451.1206,1307.0
451.1812,1428.0
451.2418,1388.0
451.3024,1599.0
451.363,1697.0
451.4236,1759.0
451.4843,1524.0
451.5449,1480.0
451.6054,1391.0
451.666,1422.0
451.7267,1325.0
451.7873,1502.0
451.8478,1766.0
451.9084,2177.0
451.969,1853.0
452.0295,1606.0
452.0901,1421.0
452.1507,1465.0
452.2113,1366.0
452.2718,1570.0
452.3324,1911.0
452.3929,2084.0
452.4534,1708.0
452.5139,1709.0
452.5745,1481.0
452.635,1587.0
452.6956,1574.0
452.7561,1856.0
452.8166,2064.0
452.8771,1894.0
452.9377,1547.0
452.9981,1621.0
453.0586,1582.0
453.1191,1686.0
453.1796,1663.0
453.2401,2055.0
453.3006,2556.0
453.3611,3963.0
453.4216,5515.0
453.4821,6439.0
453.5425,6359.0
453.6029,6344.0
453.6634,5717.0
453.7239,4593.0
453.7844,3277.0
453.8448,2577.0
453.9052,2026.0
453.9656,1972.0
454.0261,1744.0
454.0866,1726.0
454.147,1572.0
454.2074,1595.0
454.2678,1500.0
454.3282,1594.0
454.3886,1647.0
454.449,1830.0
454.5095,2081.0
454.5699,2474.0
454.6302,2149.0
454.6906,2031.0
454.751,2003.0
454.8114,2460.0
454.8718,2939.0
454.9322,4268.0
454.9925,5613.0
455.0529,6613.0
455.1133,5894.0
455.1736,4667.0
455.234,3692.0
455.2943,3754.0
455.3547,3378.0
455.415,2767.0
455.4753,2347.0
455.5357,2308.0
455.5959,2569.0
455.6563,2617.0
455.7167,2075.0
455.777,1897.0
455.8373,1752.0
455.8976,1670.0
455.9579,1716.0
456.0182,1693.0
456.0785,1682.0
456.1388,1838.0
456.1991,1759.0
456.2593,1960.0
456.3196,2158.0
456.3799,2793.0
456.4402,3637.0
456.5005,3461.0
456.5607,2630.0
456.621,2239.0
456.6812,1886.0
456.7414,1840.0
456.8018,1730.0
456.862,1837.0
456.9222,1777.0
456.9825,1993.0
457.0426,2064.0
457.1028,2459.0
457.1631,2978.0
457.2234,4302.0
457.2835,5578.0
457.3438,5182.0
457.404,3923.0
457.4641,3049.0
457.5244,2461.0
457.5846,2141.0
457.6447,1807.0
457.7049,1717.0
457.7651,1574.0
457.8253,1564.0
457.8854,1444.0
457.9456,1477.0
458.0058,1336.0
458.0659,1421.0
458.1261,1338.0
458.1862,1436.0
458.2464,1266.0
458.3066,1380.0
458.3667,1306.0
458.4268,1385.0
458.4869,1264.0
458.5471,785.0
458.6072,582.0
458.6674,707.0
458.7274,598.0
458.7876,696.0
458.8477,596.0
458.9077,661.0
458.9679,621.0
459.0279,695.0
459.0881,596.0
459.1481,704.0
459.2082,614.0
459.2683,720.0
459.3283,587.0
459.3884,686.0
459.4485,620.0
459.5086,687.0
459.5686,568.0
459.6287,661.0
459.6887,601.0
459.7487,696.0
459.8088,603.0
459.8688,656.0
459.9289,636.0
459.9889,704.0
460.0489,628.0
460.1089,705.0
460.1689,620.0
460.229,692.0
460.289,598.0
